1403638523.327830 0.017504 0.022024 0.240009 -0.076677 0.792407 0.032575 0.604277
1403638523.427830 0.008630 0.021778 0.212299 -0.079808 0.790739 0.037700 0.605756
1403638523.527829 0.014854 -0.032815 0.261529 -0.182471 0.770398 0.118944 0.599202
1403638523.627830 0.020049 -0.035513 0.210948 -0.192351 0.780563 0.136824 0.578794
1403638523.727829 0.018307 -0.035732 0.163526 -0.184414 0.788662 0.139761 0.569624
1403638523.827830 0.014877 -0.035046 0.118758 -0.180217 0.791405 0.141825 0.566645
1403638523.927830 0.009909 -0.035041 0.079573 -0.172701 0.790785 0.145429 0.568932
1403638524.027829 0.004520 -0.033304 0.054215 -0.163088 0.791634 0.152772 0.568664
1403638524.127830 0.006390 -0.054471 0.059569 -0.143190 0.802375 0.147690 0.560249
1403638524.227829 0.004119 -0.055725 0.087396 -0.163177 0.803717 0.161210 0.549020
1403638524.327830 0.003162 -0.060109 0.134248 -0.178265 0.804452 0.161914 0.543013
1403638524.427830 0.007310 -0.065496 0.188910 -0.182451 0.801162 0.154317 0.548669
1403638524.527829 0.011625 -0.069774 0.246676 -0.176252 0.797168 0.140896 0.560006
1403638524.627830 0.017238 -0.071069 0.301810 -0.169529 0.791754 0.129421 0.572395
1403638524.727829 0.022861 -0.070114 0.347181 -0.159337 0.789269 0.121319 0.580472
1403638524.827830 0.026396 -0.067804 0.377526 -0.147534 0.788155 0.115513 0.586261
1403638524.927830 0.029985 -0.064555 0.395912 -0.146876 0.790234 0.111686 0.584366
1403638525.027829 0.030268 -0.061337 0.393559 -0.147810 0.788414 0.112371 0.586454
1403638525.127830 0.031243 -0.055756 0.371181 -0.133355 0.788157 0.109245 0.590839
1403638525.227829 0.033465 -0.048986 0.339640 -0.109815 0.792411 0.101236 0.591419
1403638525.327830 0.033881 -0.044930 0.296347 -0.096192 0.799661 0.098574 0.584443
1403638525.427830 0.032333 -0.041999 0.244642 -0.096421 0.810429 0.100907 0.568969
1403638525.527829 0.030093 -0.040366 0.196707 -0.100982 0.821647 0.100815 0.551847
1403638525.627830 0.027976 -0.040449 0.154404 -0.102373 0.827525 0.098691 0.543123
1403638525.727829 0.027497 -0.040696 0.120253 -0.100775 0.828702 0.094482 0.542375
1403638525.827830 0.027703 -0.039465 0.094518 -0.096642 0.825859 0.088199 0.548487
1403638525.927830 0.026788 -0.041152 0.075732 -0.090242 0.821961 0.086764 0.555615
1403638526.027829 0.024602 -0.054344 0.067613 -0.086034 0.822949 0.087842 0.554650
1403638526.127830 0.020885 -0.078409 0.067441 -0.088196 0.829425 0.085420 0.544959
1403638526.227829 0.019814 -0.111589 0.075217 -0.089215 0.833541 0.078428 0.539536
1403638526.327830 0.020580 -0.151531 0.086986 -0.086994 0.832277 0.070050 0.542992
1403638526.427830 0.020230 -0.196548 0.098223 -0.084734 0.828643 0.059658 0.550102
1403638526.527829 0.018376 -0.246046 0.106654 -0.082002 0.824317 0.045941 0.558270
1403638526.627830 0.015560 -0.302405 0.111834 -0.077131 0.819054 0.033907 0.567496
1403638526.727829 0.009824 -0.365471 0.115728 -0.068983 0.815252 0.024433 0.574464
1403638526.827830 0.006775 -0.432526 0.116934 -0.058588 0.813660 0.020522 0.578017
1403638526.927830 -0.009534 -0.496906 0.119197 -0.046981 0.813841 0.012148 0.579058
1403638527.027829 -0.022582 -0.557547 0.120462 -0.036953 0.818284 0.000323 0.573625
1403638527.127830 -0.030427 -0.613176 0.123090 -0.026785 0.822825 -0.015388 0.567455
1403638527.227829 -0.034186 -0.660091 0.127981 -0.016938 0.823254 -0.030767 0.566585
1403638527.327830 -0.035475 -0.692932 0.134322 -0.000725 0.819629 -0.043874 0.571212
1403638527.427830 -0.033347 -0.706272 0.139859 0.014563 0.815531 -0.051566 0.576227
1403638527.527829 -0.024082 -0.696448 0.142005 0.020460 0.814613 -0.054075 0.577116
1403638527.627830 -0.010638 -0.664305 0.141368 0.019892 0.815884 -0.052878 0.575449
1403638527.727829 0.001093 -0.620931 0.143337 0.017774 0.816023 -0.047158 0.575818
1403638527.827830 0.017197 -0.567109 0.146016 0.008435 0.818210 -0.041394 0.573365
1403638527.927830 0.031172 -0.508238 0.152179 -0.004696 0.820169 -0.037382 0.570879
1403638528.027829 0.042713 -0.448328 0.157242 -0.009002 0.818965 -0.032654 0.572843
1403638528.127830 0.052101 -0.387666 0.157543 -0.015020 0.817521 -0.026801 0.575079
1403638528.227829 0.067247 -0.332156 0.154315 -0.023843 0.818068 -0.018513 0.574329
1403638528.327830 0.091350 -0.285001 0.148815 -0.032767 0.818237 -0.009529 0.573867
1403638528.427830 0.124049 -0.250897 0.145352 -0.034388 0.816596 -0.004452 0.576167
1403638528.527829 0.160762 -0.226075 0.143019 -0.031907 0.817296 -0.004816 0.575314
1403638528.627830 0.198822 -0.207775 0.141912 -0.031780 0.819735 -0.012400 0.571727
1403638528.727829 0.234553 -0.194027 0.143037 -0.029245 0.820150 -0.018550 0.571100
1403638528.827830 0.260555 -0.188209 0.149520 -0.027053 0.819264 -0.024923 0.572236
1403638528.927830 0.270814 -0.185431 0.160837 -0.032927 0.818580 -0.033028 0.572496
1403638529.027829 0.263866 -0.182835 0.178594 -0.037968 0.819263 -0.037545 0.570927
1403638529.127830 0.243735 -0.176768 0.195277 -0.026919 0.820010 -0.034367 0.570682
1403638529.227829 0.215545 -0.165641 0.203442 -0.011082 0.821158 -0.027247 0.569942
1403638529.327830 0.183629 -0.152188 0.202238 -0.002906 0.824300 -0.022152 0.565712
1403638529.427830 0.153451 -0.139287 0.190839 -0.000502 0.831846 -0.018161 0.554710
1403638529.527829 0.130733 -0.128012 0.172069 -0.003469 0.842908 -0.015848 0.537813
1403638529.627830 0.113964 -0.116755 0.149297 -0.001720 0.850287 -0.012375 0.526171
1403638529.727829 0.107624 -0.109248 0.129817 -0.001760 0.850275 -0.010373 0.526234
1403638529.827830 0.048979 -0.069649 0.070094 0.001084 0.844476 -0.015083 0.535381
1403638529.927830 0.035417 -0.064053 0.053060 0.001874 0.839240 -0.016517 0.543508
1403638530.027829 0.034547 -0.058290 0.036854 0.002955 0.838799 -0.017292 0.544158
1403638530.127830 0.042825 -0.055692 0.024434 0.003724 0.840993 -0.019810 0.540670
1403638530.227829 0.057607 -0.055582 0.013926 0.006060 0.841654 -0.025675 0.539372
1403638530.327830 0.072479 -0.057124 0.003469 0.007328 0.841110 -0.031823 0.539877
1403638530.427830 0.086098 -0.060073 -0.005702 0.010819 0.840648 -0.035994 0.540276
1403638530.527829 0.097046 -0.063491 -0.012509 0.008621 0.840496 -0.040029 0.540268
1403638530.627830 0.103895 -0.067541 -0.018050 0.010575 0.841750 -0.042625 0.538079
1403638530.727829 0.107122 -0.070032 -0.023318 0.011430 0.845563 -0.044889 0.531863
1403638530.827830 0.110878 -0.072054 -0.029027 0.011623 0.847628 -0.045542 0.528505
1403638530.927830 0.114349 -0.073023 -0.032956 0.009232 0.846714 -0.044976 0.530063
1403638531.027829 0.117251 -0.073321 -0.035900 0.007680 0.844006 -0.044862 0.534399
1403638531.127830 0.118845 -0.072799 -0.036233 0.009857 0.840335 -0.043619 0.540220
1403638531.227829 0.121305 -0.072294 -0.036993 0.011954 0.839927 -0.040891 0.541025
1403638531.327830 0.123115 -0.071961 -0.038253 0.012652 0.836255 -0.041318 0.546635
1403638531.427830 0.124351 -0.073405 -0.039084 0.013411 0.836987 -0.040780 0.545536
1403638531.527829 0.125080 -0.074888 -0.039706 0.012946 0.836163 -0.041358 0.546767
1403638531.627830 0.126026 -0.076332 -0.040090 0.013574 0.836274 -0.040412 0.546651
1403638531.727829 0.126777 -0.077574 -0.040294 0.013666 0.836385 -0.041003 0.546436
1403638531.827830 0.127442 -0.078694 -0.040357 0.013765 0.836373 -0.041252 0.546433
1403638531.927830 0.127787 -0.079435 -0.040336 0.013840 0.836328 -0.041563 0.546476
1403638532.027829 0.127892 -0.079799 -0.040290 0.013962 0.836302 -0.041827 0.546493
1403638532.127830 0.127925 -0.079879 -0.040107 0.014158 0.836303 -0.042029 0.546471
1403638532.227829 0.126875 -0.079244 -0.039847 0.014612 0.836310 -0.042043 0.546447
1403638532.327830 0.125358 -0.078103 -0.039256 0.014997 0.836286 -0.042149 0.546465
1403638532.427830 0.123681 -0.076873 -0.038676 0.015274 0.836265 -0.042216 0.546484
1403638532.527829 0.122413 -0.075839 -0.038211 0.015469 0.836239 -0.042355 0.546508
1403638532.627830 0.121473 -0.075043 -0.037845 0.015576 0.836233 -0.042478 0.546504
1403638532.727829 0.120301 -0.074186 -0.037510 0.015672 0.836184 -0.042586 0.546568
1403638532.827830 0.118204 -0.072882 -0.037054 0.015798 0.836140 -0.042695 0.546623
1403638532.927830 0.113954 -0.070763 -0.036508 0.016019 0.836057 -0.042737 0.546741
1403638533.027829 0.110155 -0.069004 -0.036309 0.016210 0.835813 -0.042802 0.547103
1403638533.127830 0.109754 -0.068884 -0.036204 0.016275 0.835762 -0.042857 0.547174
1403638533.227829 0.109750 -0.068895 -0.036222 0.016312 0.835719 -0.042895 0.547237
1403638533.327830 0.109763 -0.068887 -0.036218 0.016332 0.835670 -0.042890 0.547311
1403638533.427830 0.109746 -0.068888 -0.036237 0.016268 0.835648 -0.042917 0.547344
1403638533.527829 0.109760 -0.068891 -0.036231 0.016307 0.835602 -0.042929 0.547412
1403638533.627830 0.109765 -0.068917 -0.036224 0.016391 0.835561 -0.042921 0.547473
1403638533.727829 0.109742 -0.068915 -0.036224 0.016468 0.835554 -0.042961 0.547478
1403638533.827830 0.109761 -0.068929 -0.036231 0.016427 0.835477 -0.043016 0.547593
1403638533.927830 0.109802 -0.068952 -0.036256 0.016467 0.835498 -0.042942 0.547566
1403638534.027829 0.109767 -0.068960 -0.036253 0.016620 0.835425 -0.043132 0.547657
1403638534.127830 0.109727 -0.068972 -0.036191 0.016735 0.835429 -0.043285 0.547635
1403638534.227829 0.109703 -0.068945 -0.036170 0.016579 0.835396 -0.043313 0.547689
1403638534.327830 0.109733 -0.068924 -0.036146 0.016399 0.835444 -0.043260 0.547625
1403638534.427830 0.109699 -0.068935 -0.036149 0.016456 0.835517 -0.043362 0.547504
1403638534.527829 0.109731 -0.068997 -0.036117 0.016767 0.835507 -0.043651 0.547487
1403638534.627830 0.109762 -0.068974 -0.036081 0.016659 0.835525 -0.043276 0.547492
1403638534.727829 0.109789 -0.068969 -0.036088 0.016505 0.835516 -0.043040 0.547529
1403638534.827830 0.109784 -0.068980 -0.036085 0.016635 0.835465 -0.043137 0.547596
1403638534.927830 0.109751 -0.069046 -0.036086 0.017000 0.835454 -0.043390 0.547580
1403638535.027829 0.109759 -0.069079 -0.036065 0.016985 0.835455 -0.043374 0.547581
1403638535.127830 0.109754 -0.069085 -0.036047 0.017008 0.835475 -0.043336 0.547554
1403638535.227829 0.109745 -0.069093 -0.036059 0.016942 0.835447 -0.043342 0.547597
1403638535.327830 0.109746 -0.069102 -0.036042 0.016983 0.835425 -0.043385 0.547627
1403638535.427830 0.109749 -0.069083 -0.036014 0.017076 0.835386 -0.043347 0.547686
1403638535.527829 0.109766 -0.069067 -0.036010 0.017004 0.835350 -0.043357 0.547742
1403638535.627830 0.109766 -0.069059 -0.036020 0.017006 0.835373 -0.043313 0.547711
1403638535.727829 0.109766 -0.069064 -0.036010 0.017009 0.835350 -0.043349 0.547742
1403638535.827830 0.109771 -0.069072 -0.036008 0.016969 0.835332 -0.043327 0.547774
1403638535.927830 0.109753 -0.069070 -0.036005 0.017004 0.835323 -0.043388 0.547781
1403638536.027829 0.109761 -0.069091 -0.035992 0.016987 0.835297 -0.043401 0.547820
1403638536.127830 0.109769 -0.069085 -0.035988 0.016993 0.835279 -0.043426 0.547845
1403638536.227829 0.109782 -0.069089 -0.035966 0.016936 0.835255 -0.043409 0.547884
1403638536.327830 0.109786 -0.069075 -0.035982 0.016872 0.835165 -0.043349 0.548029
1403638536.427830 0.109781 -0.069074 -0.035981 0.016940 0.835143 -0.043407 0.548056
1403638536.527829 0.109785 -0.069081 -0.035961 0.016908 0.835145 -0.043355 0.548057
1403638536.627830 0.109772 -0.069063 -0.035964 0.016939 0.835090 -0.043447 0.548133
1403638536.727829 0.109780 -0.069083 -0.035965 0.017054 0.835074 -0.043408 0.548157
1403638536.827830 0.109778 -0.069111 -0.035969 0.017080 0.835046 -0.043467 0.548194
1403638536.927830 0.109774 -0.069130 -0.035962 0.017089 0.835007 -0.043473 0.548253
1403638537.027829 0.109784 -0.069143 -0.035941 0.017184 0.835022 -0.043503 0.548226
1403638537.127830 0.109797 -0.069124 -0.035939 0.017332 0.834987 -0.043463 0.548277
1403638537.227829 0.109804 -0.069105 -0.035921 0.017343 0.834977 -0.043527 0.548286
1403638537.327830 0.109812 -0.069098 -0.035916 0.017302 0.834931 -0.043509 0.548358
1403638537.427830 0.109816 -0.069092 -0.035922 0.017273 0.834910 -0.043479 0.548394
1403638537.527829 0.109828 -0.069084 -0.035896 0.017378 0.834898 -0.043462 0.548410
1403638537.627830 0.109827 -0.069095 -0.035851 0.017595 0.834893 -0.043422 0.548414
1403638537.727829 0.109831 -0.069142 -0.035841 0.017666 0.834951 -0.043478 0.548320
1403638537.827830 0.109831 -0.069110 -0.035819 0.017627 0.834908 -0.043464 0.548387
1403638537.927830 0.109850 -0.069098 -0.035837 0.017554 0.834865 -0.043413 0.548459
1403638538.027829 0.109838 -0.069129 -0.035765 0.017657 0.834925 -0.043485 0.548358
1403638538.127830 0.109840 -0.069125 -0.035753 0.017826 0.834808 -0.043466 0.548534
1403638538.227829 0.109862 -0.069111 -0.035779 0.017841 0.834817 -0.043500 0.548517
1403638538.327830 0.109847 -0.069131 -0.035797 0.017901 0.834824 -0.043455 0.548507
1403638538.427830 0.109923 -0.069091 -0.035711 0.017990 0.834670 -0.043506 0.548734
1403638538.527829 0.109881 -0.069139 -0.035596 0.018056 0.834627 -0.043598 0.548790
1403638538.627830 0.109839 -0.069170 -0.035502 0.018265 0.834427 -0.043705 0.549079
1403638538.727829 0.109814 -0.069245 -0.035389 0.018467 0.834096 -0.043686 0.549577
1403638538.827830 0.110585 -0.069064 -0.035239 0.018091 0.833544 -0.043270 0.550459
1403638538.927830 0.112763 -0.068615 -0.033578 0.018123 0.830521 -0.042565 0.555063
1403638539.027829 0.115179 -0.068146 -0.029793 0.019123 0.825820 -0.043352 0.561939
1403638539.127830 0.119195 -0.067674 -0.022466 0.018775 0.819124 -0.044877 0.571550
1403638539.227829 0.125178 -0.066802 -0.008627 0.018482 0.814264 -0.044332 0.578504
1403638539.327830 0.131154 -0.065956 0.013546 0.017969 0.813293 -0.044054 0.579905
1403638539.427830 0.136807 -0.065367 0.043218 0.017930 0.814869 -0.042951 0.577773
1403638539.527829 0.142756 -0.065129 0.077864 0.017634 0.816845 -0.041774 0.575072
1403638539.627830 0.149199 -0.065185 0.112433 0.016825 0.817520 -0.040833 0.574204
1403638539.727829 0.156259 -0.065091 0.137298 0.016267 0.818161 -0.039851 0.573375
1403638539.827830 0.164577 -0.064458 0.151324 0.016172 0.819778 -0.038498 0.571158
1403638539.927830 0.175204 -0.063348 0.161865 0.015008 0.823657 -0.037751 0.565631
1403638540.027829 0.189165 -0.062619 0.172127 0.013845 0.829124 -0.038092 0.557593
1403638540.127830 0.207123 -0.061595 0.182400 0.013690 0.835003 -0.037761 0.548777
1403638540.227829 0.232691 -0.060637 0.193859 0.014149 0.834900 -0.036470 0.549010
1403638540.327830 0.269931 -0.061089 0.204472 0.014709 0.828729 -0.035640 0.558321
1403638540.427830 0.309106 -0.060208 0.215321 0.013934 0.824063 -0.031880 0.565429
1403638540.527829 0.356440 -0.058611 0.221298 0.008604 0.823471 -0.023382 0.566811
1403638540.627830 0.428466 -0.060487 0.213907 -0.000018 0.823681 -0.009611 0.566972
1403638540.727829 0.476833 -0.053884 0.222797 -0.006948 0.822348 0.011784 0.568820
1403638540.827830 0.537105 -0.049268 0.222798 -0.015897 0.821252 0.038187 0.569064
1403638540.927830 0.591209 -0.041178 0.221187 -0.027859 0.819628 0.066567 0.568333
1403638541.027829 0.643090 -0.024621 0.221415 -0.042660 0.817330 0.089139 0.567632
1403638541.127830 0.696299 -0.004431 0.220645 -0.054734 0.814625 0.105344 0.567709
1403638541.227829 0.749755 0.019009 0.214990 -0.062142 0.813499 0.116268 0.566427
1403638541.327830 0.803202 0.047057 0.212835 -0.065901 0.812812 0.122064 0.565768
1403638541.427830 0.855455 0.080623 0.216804 -0.068079 0.812897 0.123122 0.565159
1403638541.527829 0.905282 0.119085 0.226211 -0.066692 0.811687 0.123736 0.566927
1403638541.627830 0.959775 0.164042 0.243692 -0.066995 0.810209 0.125472 0.568621
1403638541.727829 1.011911 0.214081 0.267196 -0.074257 0.808323 0.129743 0.569444
1403638541.827830 1.065683 0.270199 0.299096 -0.085529 0.807309 0.135534 0.567950
1403638541.927830 1.113427 0.329086 0.332612 -0.096884 0.806032 0.146879 0.565113
1403638542.027829 1.159002 0.389745 0.360469 -0.109673 0.804039 0.162349 0.561370
1403638542.127830 1.203302 0.450778 0.382253 -0.122953 0.800822 0.181414 0.557366
1403638542.227829 1.245204 0.513229 0.398397 -0.138902 0.796532 0.202334 0.552543
1403638542.327830 1.288666 0.577427 0.409695 -0.152993 0.791050 0.225645 0.547647
1403638542.427830 1.333284 0.642057 0.418957 -0.162860 0.779641 0.245738 0.552493
1403638542.527829 1.375043 0.705430 0.425106 -0.163581 0.766075 0.264555 0.562478
1403638542.627830 1.411637 0.771741 0.429968 -0.160817 0.757706 0.278903 0.567656
1403638542.727829 1.441293 0.840979 0.439329 -0.164477 0.758312 0.283032 0.563739
1403638542.827830 1.465441 0.915283 0.456093 -0.173166 0.763256 0.279866 0.555994
1403638542.927830 1.485156 0.993165 0.479359 -0.178342 0.769165 0.276142 0.548018
1403638543.027829 1.499355 1.071397 0.508734 -0.180805 0.773489 0.273108 0.542620
1403638543.127830 1.511572 1.151876 0.536172 -0.182259 0.775985 0.269637 0.540300
1403638543.227829 1.530494 1.234084 0.559128 -0.180570 0.777362 0.267412 0.539994
1403638543.327830 1.545199 1.317382 0.574360 -0.180277 0.778214 0.264837 0.540133
1403638543.427830 1.560113 1.402480 0.586148 -0.180974 0.778338 0.266005 0.539147
1403638543.527829 1.579244 1.488972 0.595083 -0.184153 0.776787 0.272739 0.536938
1403638543.627830 1.591504 1.575339 0.597395 -0.189234 0.772131 0.288220 0.533791
1403638543.727829 1.605996 1.662536 0.601408 -0.198217 0.765191 0.307385 0.529818
1403638543.827830 1.616450 1.749191 0.609762 -0.208080 0.755193 0.330412 0.526511
1403638543.927830 1.626477 1.836148 0.625728 -0.222412 0.745553 0.351045 0.521010
1403638544.027829 1.635494 1.920632 0.647819 -0.237336 0.738840 0.365701 0.513858
1403638544.127830 1.645438 2.006882 0.671204 -0.249121 0.735241 0.375137 0.506588
1403638544.227829 1.657111 2.094116 0.690825 -0.258653 0.732382 0.379589 0.502620
1403638544.327830 1.670160 2.183380 0.704919 -0.263015 0.730655 0.382786 0.500440
1403638544.427830 1.683843 2.274010 0.713636 -0.264052 0.731277 0.383996 0.498053
1403638544.527829 1.699670 2.368790 0.721790 -0.263097 0.730555 0.384007 0.499607
1403638544.627830 1.714836 2.465585 0.731134 -0.267476 0.725255 0.383272 0.505534
1403638544.727829 1.730853 2.560917 0.746636 -0.271063 0.720797 0.383330 0.509936
1403638544.827830 1.746086 2.654837 0.766405 -0.269901 0.722554 0.385318 0.506556
1403638544.927830 1.761105 2.746100 0.779371 -0.268735 0.725453 0.386861 0.501835
1403638545.027829 1.776585 2.836297 0.785473 -0.270109 0.724884 0.387086 0.501745
1403638545.127830 1.789778 2.920421 0.787705 -0.271311 0.723740 0.387516 0.502417
1403638545.227829 1.804890 3.010162 0.781847 -0.270037 0.724025 0.389206 0.501384
1403638545.327830 1.818389 3.093650 0.772513 -0.270863 0.721881 0.389805 0.503561
1403638545.427830 1.834198 3.184428 0.757676 -0.272754 0.720916 0.388942 0.504588
1403638545.527829 1.848395 3.274387 0.742850 -0.275732 0.719567 0.392415 0.502201
1403638545.627830 1.859627 3.357272 0.734850 -0.282866 0.715851 0.401348 0.496452
1403638545.727829 1.872817 3.439353 0.730293 -0.291080 0.709370 0.415451 0.489354
1403638545.827830 1.886523 3.522438 0.735169 -0.301254 0.698596 0.433824 0.482708
1403638545.927830 1.899776 3.609279 0.746664 -0.311393 0.686684 0.454809 0.473971
1403638546.027829 1.912809 3.696307 0.764958 -0.319751 0.674179 0.475273 0.466215
1403638546.127830 1.927451 3.787813 0.781495 -0.325862 0.663330 0.491216 0.460992
1403638546.227829 1.940564 3.879467 0.791435 -0.332906 0.656824 0.500423 0.455337
1403638546.327830 1.953945 3.973930 0.794219 -0.338761 0.653613 0.505168 0.450374
1403638546.427830 1.965586 4.068736 0.791877 -0.343461 0.653246 0.506306 0.446047
1403638546.527829 1.977091 4.164217 0.785113 -0.344613 0.652181 0.508158 0.444609
1403638546.627830 1.986401 4.259681 0.783015 -0.346669 0.648363 0.513146 0.442863
1403638546.727829 1.996741 4.360198 0.787145 -0.350356 0.643387 0.518921 0.440481
1403638546.827830 2.005165 4.462191 0.803668 -0.351148 0.638975 0.524655 0.439480
1403638546.927830 2.012965 4.566573 0.822556 -0.351391 0.635842 0.528856 0.438795
1403638547.027829 2.018721 4.672349 0.835869 -0.349899 0.632739 0.532650 0.439882
1403638547.127830 2.021037 4.776653 0.841298 -0.346558 0.629946 0.536644 0.441678
1403638547.227829 2.020764 4.883939 0.844212 -0.344552 0.628649 0.538655 0.442645
1403638547.327830 2.013768 4.988560 0.839386 -0.343484 0.627684 0.539497 0.443817
1403638547.427830 2.004119 5.096733 0.834968 -0.348539 0.631099 0.535641 0.439685
1403638547.527829 1.992758 5.205443 0.826937 -0.353256 0.634450 0.531657 0.435918
1403638547.627830 1.976211 5.307181 0.810144 -0.355654 0.636639 0.529179 0.433787
1403638547.727829 1.961884 5.419869 0.793234 -0.354200 0.637024 0.528800 0.434872
1403638547.827830 1.943269 5.524323 0.768850 -0.350216 0.634755 0.531175 0.438507
1403638547.927830 1.924226 5.635822 0.744260 -0.349823 0.634542 0.531139 0.439172
1403638548.027829 1.903321 5.751687 0.725851 -0.351138 0.633972 0.532217 0.437638
1403638548.127830 1.877764 5.866941 0.714122 -0.354676 0.631084 0.536189 0.434097
1403638548.227829 1.852116 5.992862 0.713235 -0.360532 0.625759 0.542825 0.428699
1403638548.327830 1.825060 6.116884 0.720206 -0.368160 0.617636 0.552634 0.421402
1403638548.427830 1.796851 6.242778 0.735230 -0.375163 0.607833 0.564928 0.413095
1403638548.527829 1.768820 6.372150 0.751654 -0.382845 0.599212 0.573535 0.406734
1403638548.627830 1.741418 6.493436 0.765491 -0.388064 0.591830 0.580543 0.402633
1403638548.727829 1.714405 6.615114 0.775857 -0.391789 0.587213 0.585159 0.399089
1403638548.827830 1.687415 6.738713 0.787354 -0.394158 0.584240 0.588319 0.396464
1403638548.927830 1.659085 6.866533 0.805776 -0.396035 0.582590 0.589630 0.395071
1403638549.027829 1.629128 6.995842 0.828894 -0.395094 0.581908 0.591444 0.394307
1403638549.127830 1.601407 7.119515 0.859802 -0.397341 0.582380 0.590051 0.393438
1403638549.227829 1.571152 7.246195 0.895382 -0.397742 0.582443 0.589591 0.393629
1403638549.327830 1.542754 7.376717 0.936915 -0.399273 0.583695 0.587806 0.392893
1403638549.427830 1.512116 7.505158 0.978687 -0.401724 0.584968 0.585312 0.392225
1403638549.527829 1.483664 7.637462 1.016638 -0.402477 0.586283 0.583894 0.391603
1403638549.627830 1.454429 7.771037 1.047795 -0.404445 0.585537 0.581970 0.393550
1403638549.727829 1.428442 7.904600 1.077838 -0.403285 0.585015 0.581914 0.395593
1403638549.827830 1.404033 8.040707 1.109376 -0.403361 0.586705 0.581529 0.393574
1403638549.927830 1.379396 8.176535 1.149136 -0.401399 0.587526 0.582356 0.393133
1403638550.027829 1.356484 8.317833 1.197344 -0.402042 0.588519 0.581739 0.391903
1403638550.127830 1.333553 8.458562 1.253172 -0.403109 0.589414 0.581264 0.390162
1403638550.227829 1.312485 8.602851 1.316228 -0.402896 0.589201 0.582007 0.389595
1403638550.327830 1.291922 8.752054 1.386386 -0.402157 0.588374 0.582785 0.390446
1403638550.427830 1.272417 8.902554 1.452062 -0.404289 0.587940 0.581885 0.390240
1403638550.527829 1.255538 9.048311 1.511938 -0.406759 0.589232 0.580371 0.387972
1403638550.627830 1.239784 9.202892 1.562093 -0.411359 0.588599 0.577237 0.388757
1403638550.727829 1.228381 9.347776 1.611428 -0.415565 0.587448 0.574312 0.390355
1403638550.827830 1.221720 9.491627 1.651482 -0.419134 0.585232 0.571530 0.393934
1403638550.927830 1.219606 9.635191 1.688582 -0.425492 0.580829 0.566654 0.400621
1403638551.027829 1.219489 9.774109 1.720533 -0.430680 0.577825 0.562794 0.404840
1403638551.127830 1.222626 9.904089 1.750653 -0.433909 0.576991 0.560384 0.405924
1403638551.227829 1.229870 10.024084 1.783189 -0.437593 0.577468 0.558362 0.404073
1403638551.327830 1.243201 10.135264 1.825298 -0.434885 0.581877 0.557519 0.401829
1403638551.427830 1.259385 10.251910 1.864693 -0.428958 0.592508 0.551017 0.401634
1403638551.527829 1.284767 10.360145 1.903369 -0.421745 0.607314 0.538418 0.404236
1403638551.627830 1.313809 10.473737 1.934831 -0.415592 0.624020 0.520583 0.408505
1403638551.727829 1.353941 10.574583 1.960700 -0.407746 0.639453 0.502278 0.415403
1403638551.827830 1.402875 10.672523 1.981864 -0.398224 0.653051 0.484527 0.424471
1403638551.927830 1.459663 10.764485 2.001629 -0.386288 0.659935 0.473743 0.436846
1403638552.027829 1.524048 10.848527 2.027616 -0.375768 0.661761 0.467518 0.449774
1403638552.127830 1.592143 10.922584 2.059728 -0.368119 0.664776 0.463720 0.455549
1403638552.227829 1.663003 10.990195 2.097211 -0.363429 0.669711 0.461725 0.454111
1403638552.327830 1.736789 11.050804 2.137251 -0.361353 0.672366 0.460516 0.453071
1403638552.427830 1.815711 11.108790 2.172788 -0.367163 0.670874 0.455503 0.455672
1403638552.527829 1.897590 11.153470 2.203820 -0.374085 0.667356 0.450736 0.459928
1403638552.627830 1.983220 11.192050 2.228990 -0.377651 0.663842 0.449280 0.463509
1403638552.727829 2.071969 11.220665 2.246995 -0.377490 0.662975 0.451210 0.463006
1403638552.827830 2.163738 11.239439 2.259693 -0.376293 0.661675 0.454329 0.462791
1403638552.927830 2.259559 11.256513 2.267288 -0.372357 0.660111 0.460030 0.462575
1403638553.027829 2.357010 11.262438 2.270894 -0.367618 0.657627 0.466086 0.463839
1403638553.127830 2.456079 11.269251 2.270860 -0.368114 0.654617 0.468462 0.465309
1403638553.227829 2.554789 11.265825 2.268551 -0.376394 0.649472 0.464771 0.469575
1403638553.327830 2.654762 11.258331 2.270055 -0.381313 0.643610 0.463238 0.475161
1403638553.427830 2.752019 11.236943 2.276172 -0.379251 0.638272 0.466027 0.481245
1403638553.527829 2.848980 11.206959 2.288303 -0.376130 0.633705 0.469416 0.486408
1403638553.627830 2.944264 11.164800 2.304260 -0.373238 0.630709 0.472049 0.489970
1403638553.727829 3.036312 11.111333 2.327757 -0.371675 0.630336 0.474001 0.489753
1403638553.827830 3.125364 11.049737 2.358492 -0.369428 0.631693 0.475948 0.487812
1403638553.927830 3.205142 10.975670 2.392887 -0.367215 0.633526 0.477247 0.485833
1403638554.027829 3.292845 10.904806 2.428933 -0.367610 0.638133 0.477126 0.479583
1403638554.127830 3.366110 10.817230 2.454775 -0.365219 0.639904 0.478858 0.477318
1403638554.227829 3.453142 10.741588 2.481894 -0.356937 0.644896 0.485238 0.470371
1403638554.327830 3.523332 10.649892 2.496666 -0.349730 0.649358 0.490611 0.464031
1403638554.427830 3.604079 10.572328 2.515358 -0.346022 0.651744 0.493737 0.460133
1403638554.527829 3.676278 10.491940 2.528393 -0.344441 0.652507 0.495129 0.458740
1403638554.627830 3.743514 10.410929 2.537330 -0.347197 0.654317 0.493717 0.455595
1403638554.727829 3.808403 10.325340 2.548729 -0.352847 0.655235 0.490007 0.453937
1403638554.827830 3.873627 10.246513 2.567053 -0.357292 0.656088 0.487399 0.452032
1403638554.927830 3.939685 10.164278 2.587841 -0.360626 0.656384 0.484827 0.451721
1403638555.027829 4.006840 10.081972 2.605055 -0.360967 0.658215 0.480542 0.453360
1403638555.127830 4.076952 10.005104 2.618563 -0.354719 0.662902 0.475814 0.456439
1403638555.227829 4.149270 9.926645 2.625918 -0.348659 0.669854 0.467773 0.459262
1403638555.327830 4.223817 9.844550 2.627121 -0.342786 0.675184 0.461077 0.462636
1403638555.427830 4.299286 9.763394 2.625236 -0.335107 0.677438 0.458298 0.467701
1403638555.527829 4.375252 9.683031 2.620596 -0.332198 0.679586 0.454760 0.470107
1403638555.627830 4.450756 9.602264 2.617141 -0.329861 0.680674 0.453321 0.471567
1403638555.727829 4.525720 9.520278 2.622379 -0.330148 0.682187 0.452027 0.470420
1403638555.827830 4.599362 9.436799 2.637983 -0.328646 0.682517 0.453199 0.469865
1403638555.927830 4.672830 9.350811 2.656175 -0.327256 0.682185 0.454716 0.469851
1403638556.027829 4.747939 9.268932 2.681068 -0.326314 0.681018 0.456036 0.470920
1403638556.127830 4.823220 9.188916 2.705609 -0.325032 0.682978 0.457144 0.467883
1403638556.227829 4.896294 9.112603 2.723703 -0.322757 0.687589 0.458378 0.461452
1403638556.327830 4.973047 9.038508 2.736575 -0.321767 0.690168 0.459050 0.457610
1403638556.427830 5.046173 8.973232 2.747362 -0.320596 0.692187 0.459702 0.454718
1403638556.527829 5.126014 8.907514 2.757087 -0.317759 0.695697 0.461074 0.449940
1403638556.627830 5.203341 8.855604 2.767606 -0.321864 0.698919 0.457275 0.445888
1403638556.727829 5.284854 8.809207 2.782052 -0.329343 0.698650 0.451139 0.447096
1403638556.827830 5.372936 8.756973 2.804333 -0.335619 0.695880 0.446714 0.451174
1403638556.927830 5.463182 8.718809 2.832768 -0.340230 0.694714 0.443218 0.452960
1403638557.027829 5.559506 8.679845 2.859505 -0.341379 0.693531 0.442549 0.454560
1403638557.127830 5.662618 8.637964 2.879277 -0.338989 0.691786 0.444756 0.456850
1403638557.227829 5.771132 8.586676 2.893145 -0.338051 0.690370 0.445823 0.458642
1403638557.327830 5.880567 8.545848 2.900397 -0.336886 0.689544 0.447033 0.459563
1403638557.427830 5.992728 8.502238 2.906857 -0.333551 0.687520 0.449940 0.462183
1403638557.527829 6.106854 8.459210 2.917917 -0.327854 0.684729 0.454248 0.466173
1403638557.627830 6.220572 8.415340 2.934139 -0.324576 0.682508 0.456688 0.469329
1403638557.727829 6.333527 8.374096 2.955579 -0.323462 0.681828 0.457397 0.470394
1403638557.827830 6.444898 8.334050 2.975125 -0.321495 0.681558 0.458193 0.471358
1403638557.927830 6.554930 8.294060 2.988416 -0.318705 0.681809 0.459915 0.471213
1403638558.027829 6.663456 8.254617 2.994842 -0.317070 0.684459 0.461014 0.467385
1403638558.127830 6.770974 8.216197 2.996543 -0.314995 0.689530 0.461983 0.460325
1403638558.227829 6.879365 8.181408 3.000032 -0.312000 0.695719 0.463367 0.451578
1403638558.327830 6.989187 8.152795 3.011387 -0.307846 0.697392 0.465730 0.449411
1403638558.427830 7.099516 8.130589 3.033901 -0.301735 0.699737 0.469333 0.446152
1403638558.527829 7.210305 8.116774 3.063092 -0.298313 0.702884 0.470921 0.441811
1403638558.627830 7.324335 8.112316 3.099369 -0.303195 0.704165 0.466998 0.440609
1403638558.727829 7.440673 8.116431 3.138685 -0.313625 0.704813 0.459118 0.440555
1403638558.827830 7.558275 8.128738 3.173993 -0.319028 0.704378 0.454813 0.441835
1403638558.927830 7.683140 8.142991 3.200773 -0.319919 0.701225 0.454178 0.446830
1403638559.027829 7.809046 8.162125 3.220341 -0.320638 0.696088 0.453995 0.454468
1403638559.127830 7.935447 8.185177 3.232187 -0.321738 0.692294 0.453685 0.459764
1403638559.227829 8.062206 8.210137 3.237973 -0.320819 0.688981 0.455213 0.463855
1403638559.327830 8.188248 8.236698 3.237002 -0.319073 0.686591 0.457274 0.466569
1403638559.427830 8.312536 8.263769 3.230503 -0.314962 0.683901 0.460929 0.469705
1403638559.527829 8.430837 8.293484 3.218540 -0.313576 0.682030 0.462351 0.471950
1403638559.627830 8.545554 8.324750 3.202147 -0.313845 0.680334 0.462892 0.473685
1403638559.727829 8.656805 8.358019 3.185414 -0.314184 0.679425 0.463460 0.474210
1403638559.827830 8.763616 8.393700 3.173304 -0.315363 0.679999 0.463498 0.472564
1403638559.927830 8.870398 8.429637 3.167198 -0.315584 0.681122 0.460973 0.473270
1403638560.027829 8.975416 8.467550 3.156412 -0.312448 0.687140 0.451609 0.475672
1403638560.127830 9.079870 8.504706 3.138895 -0.305097 0.696408 0.435994 0.481499
1403638560.227829 9.184594 8.540966 3.115369 -0.293534 0.707300 0.416572 0.489931
1403638560.327830 9.286740 8.576132 3.089607 -0.281720 0.716711 0.393825 0.501858
1403638560.427830 9.386205 8.610018 3.061257 -0.269903 0.725177 0.369270 0.514694
1403638560.527829 9.482428 8.641123 3.029078 -0.257385 0.733666 0.343829 0.526563
1403638560.627830 9.574481 8.668921 2.992046 -0.247188 0.744368 0.315998 0.533817
1403638560.727829 9.663211 8.692126 2.954186 -0.239895 0.754959 0.288593 0.537775
1403638560.827830 9.749529 8.703163 2.924474 -0.229571 0.762586 0.265574 0.543351
1403638560.927830 9.832934 8.710052 2.900613 -0.219197 0.768581 0.242891 0.549764
1403638561.027829 9.917859 8.708495 2.885187 -0.206364 0.771263 0.223126 0.559269
1403638561.127830 9.999342 8.699922 2.876557 -0.194770 0.773912 0.203877 0.567062
1403638561.227829 10.076760 8.683337 2.874057 -0.185669 0.775170 0.188322 0.573736
1403638561.327830 10.148239 8.659249 2.876647 -0.179454 0.776806 0.178397 0.576666
1403638561.427830 10.214281 8.626938 2.878563 -0.167431 0.782858 0.178852 0.571936
1403638561.527829 10.275850 8.588432 2.876615 -0.154916 0.787261 0.183847 0.567822
1403638561.627830 10.334105 8.547290 2.869251 -0.148158 0.789938 0.187614 0.564667
1403638561.727829 10.387756 8.505160 2.857453 -0.146645 0.790722 0.190017 0.563159
1403638561.827830 10.438711 8.461769 2.840398 -0.145280 0.790178 0.191924 0.563629
1403638561.927830 10.490019 8.417599 2.815722 -0.141024 0.790125 0.190777 0.565172
1403638562.027829 10.539297 8.372801 2.789183 -0.135545 0.791589 0.183367 0.566913
1403638562.127830 10.584304 8.324466 2.771148 -0.128179 0.793668 0.173636 0.568782
1403638562.227829 10.628040 8.277239 2.757206 -0.121267 0.795085 0.165513 0.570735
1403638562.327830 10.668809 8.231147 2.750011 -0.115297 0.796359 0.155742 0.572942
1403638562.427830 10.704980 8.183650 2.747083 -0.108430 0.797918 0.141955 0.575690
1403638562.527829 10.740057 8.135995 2.750004 -0.099483 0.801062 0.124251 0.577030
1403638562.627830 10.772496 8.087666 2.759011 -0.090798 0.803304 0.101819 0.579734
1403638562.727829 10.800631 8.037536 2.771074 -0.081762 0.806015 0.076877 0.581158
1403638562.827830 10.825667 7.984612 2.781611 -0.070379 0.807940 0.051291 0.582794
1403638562.927830 10.846390 7.927485 2.786100 -0.056572 0.809548 0.027317 0.583682
1403638563.027829 10.863178 7.867304 2.785378 -0.044367 0.809923 0.004401 0.584840
1403638563.127830 10.874459 7.803748 2.779992 -0.037160 0.810462 -0.019774 0.584277
1403638563.227829 10.880564 7.734944 2.770850 -0.023763 0.808830 -0.035671 0.586479
1403638563.327830 10.880811 7.662065 2.756954 -0.013854 0.804294 -0.046655 0.592235
1403638563.427830 10.874825 7.584867 2.738892 -0.009975 0.795706 -0.055021 0.603097
1403638563.527829 10.861505 7.503951 2.715952 -0.006341 0.793501 -0.057740 0.605790
1403638563.627830 10.841814 7.417898 2.696687 -0.002677 0.796161 -0.056898 0.602398
1403638563.727829 10.815946 7.326925 2.684336 -0.005102 0.799042 -0.057431 0.598505
1403638563.827830 10.786477 7.229660 2.679242 -0.008907 0.800452 -0.057355 0.596580
1403638563.927830 10.751553 7.128134 2.682931 -0.012285 0.799876 -0.056167 0.597405
1403638564.027829 10.714499 7.018988 2.687268 -0.016288 0.799526 -0.053811 0.597994
1403638564.127830 10.666981 6.906964 2.687502 -0.019584 0.799353 -0.050451 0.598419
1403638564.227829 10.614554 6.788802 2.683360 -0.020023 0.798586 -0.044984 0.599863
1403638564.327830 10.562764 6.661123 2.680113 -0.018259 0.797524 -0.038432 0.601785
1403638564.427830 10.497851 6.535176 2.684986 -0.018574 0.795535 -0.034555 0.604636
1403638564.527829 10.426746 6.403435 2.694653 -0.019730 0.795527 -0.032210 0.604739
1403638564.627830 10.347744 6.268099 2.705372 -0.023856 0.797695 -0.033044 0.601683
1403638564.727829 10.269644 6.129927 2.717704 -0.028800 0.799165 -0.036264 0.599325
1403638564.827830 10.178635 5.987154 2.719424 -0.031584 0.799404 -0.039327 0.598672
1403638564.927830 10.088783 5.837960 2.711310 -0.033828 0.798638 -0.041767 0.599407
1403638565.027829 9.988056 5.682154 2.680127 -0.035134 0.798603 -0.042642 0.599317
1403638565.127830 9.886002 5.522490 2.638749 -0.036003 0.799266 -0.043275 0.598335
1403638565.227829 9.780744 5.357164 2.584575 -0.035578 0.800105 -0.042888 0.597267
1403638565.327830 9.669737 5.187593 2.526217 -0.033160 0.800982 -0.042064 0.596288
1403638565.427830 9.555287 5.011911 2.466070 -0.030829 0.801826 -0.040772 0.595367
1403638565.527829 9.438938 4.831440 2.408987 -0.025322 0.799756 -0.039144 0.598512
1403638565.627830 9.320392 4.648852 2.360066 -0.016815 0.798166 -0.035722 0.601143
1403638565.727829 9.198315 4.463679 2.318815 -0.004646 0.799206 -0.029376 0.600321
1403638565.827830 9.071482 4.279960 2.284273 0.001638 0.802146 -0.026808 0.596524
1403638565.927830 8.938396 4.097150 2.256616 0.007640 0.804477 -0.024757 0.593419
1403638566.027829 8.802691 3.919296 2.228050 0.008404 0.805651 -0.025742 0.591771
1403638566.127830 8.664157 3.744015 2.191564 0.008791 0.805793 -0.026118 0.591556
1403638566.227829 8.524184 3.573706 2.147205 0.009149 0.805442 -0.025983 0.592035
1403638566.327830 8.386241 3.402667 2.091175 0.008488 0.806512 -0.025851 0.590591
1403638566.427830 8.247548 3.236520 2.028829 0.008015 0.806381 -0.024617 0.590829
1403638566.527829 8.109709 3.074471 1.960762 0.005917 0.806700 -0.023978 0.590445
1403638566.627830 7.969674 2.916657 1.888407 0.004060 0.813231 -0.022756 0.581482
1403638566.727829 7.840069 2.765904 1.804196 0.003089 0.825575 -0.021644 0.563869
1403638566.827830 7.708857 2.614711 1.721471 0.003607 0.835150 -0.018417 0.549702
1403638566.927830 7.594858 2.474531 1.631884 0.003471 0.841375 -0.015891 0.540207
1403638567.027829 7.485355 2.333501 1.543300 0.002275 0.841195 -0.014639 0.540528
1403638567.127830 7.383603 2.194150 1.457640 0.003791 0.828605 -0.012284 0.559686
1403638567.227829 7.286785 2.057710 1.367102 0.005257 0.817302 -0.010832 0.576084
1403638567.327830 7.189399 1.923508 1.270906 0.008350 0.811642 -0.009634 0.584017
1403638567.427830 7.093519 1.795600 1.173488 0.010598 0.811201 -0.009950 0.584586
1403638567.527829 6.995585 1.669982 1.081248 0.012286 0.813755 -0.011067 0.580973
1403638567.627830 6.895470 1.547202 0.998364 0.014440 0.817610 -0.012125 0.575464
1403638567.727829 6.799165 1.431445 0.925541 0.017133 0.820795 -0.012749 0.570824
1403638567.827830 6.705489 1.320290 0.861467 0.019166 0.824803 -0.013121 0.564943
1403638567.927830 6.616789 1.213638 0.804771 0.016894 0.826342 -0.015734 0.562695
1403638568.027829 6.533641 1.112352 0.752557 0.018159 0.826974 -0.015905 0.561721
1403638568.127830 6.455720 1.016006 0.710507 0.021004 0.826102 -0.014506 0.562943
1403638568.227829 6.381372 0.923389 0.685508 0.023057 0.825421 -0.013319 0.563889
1403638568.327830 6.310031 0.834846 0.658451 0.023870 0.825570 -0.013286 0.563638
1403638568.427830 6.241778 0.751119 0.627819 0.023937 0.826827 -0.013609 0.561781
1403638568.527829 6.178092 0.674338 0.590775 0.024819 0.827586 -0.013210 0.560634
1403638568.627830 6.116392 0.599357 0.552981 0.025373 0.829185 -0.012737 0.558252
1403638568.727829 6.060513 0.531499 0.512650 0.027130 0.830523 -0.011127 0.556212
1403638568.827830 6.005032 0.468171 0.482192 0.025137 0.830443 -0.012124 0.556405
1403638568.927830 5.959679 0.411878 0.456186 0.026211 0.830398 -0.011503 0.556435
1403638569.027829 5.913462 0.358424 0.442136 0.026188 0.829505 -0.011484 0.557766
1403638569.127830 5.877271 0.311069 0.431060 0.027821 0.829611 -0.010306 0.557553
1403638569.227829 5.837480 0.266463 0.428160 0.029793 0.831092 -0.009308 0.555258
1403638569.327830 5.807640 0.229084 0.418802 0.030938 0.831804 -0.009105 0.554132
1403638569.427830 5.776284 0.192682 0.406920 0.031814 0.830816 -0.008477 0.555572
1403638569.527829 5.756293 0.165201 0.388199 0.031830 0.829596 -0.008200 0.557396
1403638569.627830 5.739961 0.142447 0.370309 0.031322 0.828208 -0.008817 0.559475
1403638569.727829 5.725708 0.124395 0.360087 0.032071 0.827309 -0.008416 0.560768
1403638569.827830 5.717595 0.115665 0.356788 0.032015 0.826682 -0.007982 0.561702
1403638569.927830 5.712949 0.111168 0.358497 0.033061 0.824863 -0.007330 0.564318
1403638570.027829 5.711883 0.112824 0.361184 0.030840 0.823711 -0.008561 0.566106
1403638570.127830 5.713080 0.119536 0.359239 0.027290 0.823908 -0.010883 0.565962
1403638570.227829 5.715395 0.129063 0.351169 0.021178 0.823521 -0.014241 0.566711
1403638570.327830 5.719002 0.140676 0.337847 0.012352 0.823332 -0.020568 0.567053
1403638570.427830 5.724336 0.153053 0.320447 0.008686 0.823179 -0.030718 0.566884
1403638570.527829 5.732267 0.161579 0.295919 0.002424 0.822320 -0.052613 0.566583
1403638570.627830 5.737161 0.164759 0.266360 -0.001703 0.819095 -0.081798 0.567794
1403638570.727829 5.742705 0.158230 0.233300 0.003742 0.811632 -0.109414 0.573818
1403638570.827830 5.744459 0.141207 0.198878 0.013063 0.799575 -0.136620 0.584675
1403638570.927830 5.740534 0.114299 0.161758 0.027127 0.790132 -0.159594 0.591173
1403638571.027829 5.729311 0.076557 0.120918 0.042292 0.783693 -0.180803 0.592745
1403638571.127830 5.709188 0.028841 0.077203 0.062594 0.785044 -0.196747 0.584019
1403638571.227829 5.679956 -0.027130 0.040465 0.084163 0.787564 -0.205398 0.574866
1403638571.327830 5.645088 -0.088747 0.013838 0.102490 0.788051 -0.210187 0.569467
1403638571.427830 5.604097 -0.152631 -0.003045 0.110371 0.785948 -0.216266 0.568624
1403638571.527829 5.557498 -0.220573 -0.012442 0.116279 0.782902 -0.219632 0.570355
1403638571.627830 5.506122 -0.291435 -0.023147 0.122872 0.781653 -0.226500 0.567995
1403638571.727829 5.452020 -0.365468 -0.039056 0.129852 0.781705 -0.238127 0.561579
1403638571.827830 5.394983 -0.442558 -0.059593 0.138113 0.780470 -0.253446 0.554578
1403638571.927830 5.335642 -0.522905 -0.080992 0.145468 0.775862 -0.272761 0.549981
1403638572.027829 5.274485 -0.607638 -0.098392 0.154410 0.769587 -0.292320 0.546299
1403638572.127830 5.208823 -0.695755 -0.101498 0.165383 0.762408 -0.310380 0.543183
1403638572.227829 5.139700 -0.787390 -0.099792 0.182054 0.757041 -0.325226 0.536631
1403638572.327830 5.068865 -0.881465 -0.097019 0.195476 0.752942 -0.343060 0.526477
1403638572.427830 4.998017 -0.979727 -0.098016 0.209198 0.748311 -0.359818 0.516525
1403638572.527829 4.928039 -1.081272 -0.101419 0.221909 0.744951 -0.370417 0.508523
1403638572.627830 4.860451 -1.186586 -0.105017 0.230431 0.741798 -0.377015 0.504477
1403638572.727829 4.794774 -1.295944 -0.104232 0.237526 0.741520 -0.379565 0.499660
1403638572.827830 4.732470 -1.409169 -0.094748 0.243319 0.743653 -0.378653 0.494366
1403638572.927830 4.674316 -1.526068 -0.078276 0.244652 0.745540 -0.378016 0.491344
1403638573.027829 4.620365 -1.645902 -0.061817 0.244990 0.747998 -0.376804 0.488362
1403638573.127830 4.571218 -1.768414 -0.051657 0.243677 0.750199 -0.375171 0.486898
1403638573.227829 4.525903 -1.893147 -0.046022 0.242063 0.751106 -0.373387 0.487676
1403638573.327830 4.486760 -2.019690 -0.039536 0.240559 0.752131 -0.371309 0.488427
1403638573.427830 4.449337 -2.150402 -0.033549 0.241532 0.753189 -0.371654 0.486048
1403638573.527829 4.421204 -2.282445 -0.018326 0.244552 0.752997 -0.371721 0.484781
1403638573.627830 4.395537 -2.416623 0.004077 0.245847 0.752613 -0.372153 0.484392
1403638573.727829 4.375494 -2.551052 0.032215 0.250248 0.751954 -0.374105 0.481650
1403638573.827830 4.363009 -2.688172 0.062852 0.261095 0.744872 -0.378313 0.483605
1403638573.927830 4.356403 -2.825727 0.089011 0.275275 0.732502 -0.387205 0.487584
1403638574.027829 4.354493 -2.960771 0.108939 0.282996 0.714456 -0.405719 0.494831
1403638574.127830 4.354516 -3.091626 0.122056 0.288653 0.693211 -0.429020 0.502076
1403638574.227829 4.351454 -3.219770 0.130914 0.295968 0.672400 -0.453015 0.505034
1403638574.327830 4.344372 -3.343627 0.134693 0.306853 0.656997 -0.474569 0.498979
1403638574.427830 4.329860 -3.466049 0.135586 0.320898 0.645393 -0.493132 0.487148
1403638574.527829 4.309902 -3.585507 0.135594 0.332757 0.634393 -0.510363 0.475761
1403638574.627830 4.286134 -3.702099 0.142314 0.343563 0.624966 -0.521125 0.468839
1403638574.727829 4.258481 -3.817527 0.156364 0.355912 0.622086 -0.525337 0.458648
1403638574.827830 4.231082 -3.931046 0.174504 0.362679 0.624242 -0.528126 0.447068
1403638574.927830 4.202017 -4.040628 0.191379 0.361477 0.626524 -0.532771 0.439269
1403638575.027829 4.172725 -4.148775 0.201777 0.357565 0.627409 -0.536426 0.436751
1403638575.127830 4.142853 -4.254883 0.206148 0.350170 0.624960 -0.541093 0.440482
1403638575.227829 4.111849 -4.364085 0.208100 0.345756 0.622883 -0.542942 0.444617
1403638575.327830 4.076827 -4.472627 0.203176 0.342155 0.623538 -0.543386 0.445939
1403638575.427830 4.038818 -4.583384 0.193930 0.338757 0.628656 -0.542888 0.441936
1403638575.527829 3.999286 -4.696187 0.183866 0.337374 0.633367 -0.540711 0.438928
1403638575.627830 3.956447 -4.816873 0.177254 0.339570 0.640098 -0.536046 0.433152
1403638575.727829 3.913226 -4.941277 0.178641 0.342047 0.646297 -0.531406 0.427682
1403638575.827830 3.870932 -5.068907 0.188224 0.342886 0.652185 -0.528726 0.421346
1403638575.927830 3.833292 -5.197955 0.208969 0.341976 0.654023 -0.527571 0.420685
1403638576.027829 3.799460 -5.330627 0.239001 0.342149 0.654395 -0.526285 0.421576
1403638576.127830 3.767913 -5.469399 0.275104 0.342914 0.654124 -0.525590 0.422240
1403638576.227829 3.739528 -5.615343 0.312897 0.345295 0.653237 -0.523928 0.423736
1403638576.327830 3.714353 -5.766866 0.344212 0.350039 0.654262 -0.520763 0.422160
1403638576.427830 3.693962 -5.919458 0.369233 0.353442 0.656346 -0.518643 0.418686
1403638576.527829 3.679368 -6.074823 0.389026 0.358910 0.660079 -0.514913 0.412728
1403638576.627830 3.672619 -6.231857 0.403817 0.362594 0.662822 -0.512579 0.407990
1403638576.727829 3.674533 -6.390764 0.414655 0.365837 0.662083 -0.510109 0.409387
1403638576.827830 3.684245 -6.552052 0.421519 0.370634 0.657995 -0.506703 0.415842
1403638576.927830 3.701380 -6.712744 0.422571 0.370658 0.652391 -0.506997 0.424209
1403638577.027829 3.725413 -6.871006 0.419519 0.366525 0.647666 -0.510046 0.431325
1403638577.127830 3.752861 -7.027562 0.420844 0.363233 0.644011 -0.512742 0.436357
1403638577.227829 3.783833 -7.181233 0.429616 0.360956 0.642412 -0.514580 0.438435
1403638577.327830 3.816869 -7.336150 0.446205 0.364811 0.644783 -0.511703 0.435118
1403638577.427830 3.853020 -7.487980 0.470769 0.370991 0.649381 -0.506723 0.428838
1403638577.527829 3.894404 -7.637022 0.497013 0.371400 0.650007 -0.506156 0.428204
1403638577.627830 3.940686 -7.783376 0.518140 0.368566 0.649154 -0.508094 0.429650
1403638577.727829 3.990638 -7.926247 0.532719 0.366195 0.648950 -0.509543 0.430269
1403638577.827830 4.044613 -8.068434 0.539503 0.363805 0.648685 -0.510723 0.431295
1403638577.927830 4.102403 -8.211637 0.542022 0.363696 0.648937 -0.509974 0.431894
1403638578.027829 4.163721 -8.350149 0.546226 0.364615 0.649112 -0.508563 0.432519
1403638578.127830 4.229363 -8.488204 0.557287 0.362031 0.647597 -0.509388 0.435977
1403638578.227829 4.298098 -8.625560 0.574808 0.353960 0.642518 -0.514578 0.443952
1403638578.327830 4.366895 -8.763793 0.596115 0.347893 0.639157 -0.518621 0.448866
1403638578.427830 4.433408 -8.900154 0.613017 0.347746 0.638532 -0.519125 0.449288
1403638578.527829 4.496936 -9.035399 0.623479 0.347732 0.637983 -0.519668 0.449449
1403638578.627830 4.559794 -9.171935 0.629868 0.348872 0.637133 -0.519562 0.449895
1403638578.727829 4.618311 -9.304766 0.632378 0.352773 0.638676 -0.517182 0.447399
1403638578.827830 4.678168 -9.438009 0.631261 0.358047 0.642321 -0.513515 0.442186
1403638578.927830 4.737697 -9.564353 0.626219 0.362267 0.643480 -0.510688 0.440333
1403638579.027829 4.800007 -9.691984 0.625652 0.364088 0.644561 -0.508588 0.439680
1403638579.127830 4.862795 -9.815034 0.634213 0.364421 0.644870 -0.507517 0.440189
1403638579.227829 4.931471 -9.941772 0.651786 0.364223 0.644822 -0.507277 0.440699
1403638579.327830 4.997557 -10.056228 0.671216 0.361012 0.643261 -0.508887 0.443756
1403638579.427830 5.069859 -10.178674 0.692165 0.353329 0.638733 -0.514208 0.450300
1403638579.527829 5.137352 -10.287174 0.705097 0.348360 0.635550 -0.516523 0.455988
1403638579.627830 5.203549 -10.394255 0.714400 0.350184 0.633075 -0.508454 0.466971
1403638579.727829 5.268055 -10.499902 0.717756 0.351297 0.638615 -0.492232 0.475888
1403638579.827830 5.331740 -10.599143 0.714203 0.344785 0.653708 -0.472034 0.480596
1403638579.927830 5.396394 -10.694341 0.704255 0.330386 0.674193 -0.448739 0.484708
1403638580.027829 5.461184 -10.783934 0.690862 0.313965 0.691333 -0.418788 0.498098
1403638580.127830 5.524578 -10.866870 0.676912 0.296969 0.703934 -0.382224 0.519799
1403638580.227829 5.586156 -10.938948 0.657818 0.273384 0.719299 -0.345381 0.537198
1403638580.327830 5.643482 -11.000588 0.632410 0.244424 0.736412 -0.313655 0.547334
1403638580.427830 5.697412 -11.058081 0.603352 0.214282 0.749865 -0.293102 0.553061
1403638580.527829 5.745244 -11.110844 0.571333 0.193142 0.758277 -0.278709 0.556807
1403638580.627830 5.789936 -11.164169 0.538928 0.177068 0.766387 -0.264938 0.557768
1403638580.727829 5.829812 -11.214130 0.509298 0.163514 0.777132 -0.249168 0.554296
1403638580.827830 5.866373 -11.266133 0.488969 0.156424 0.785117 -0.236196 0.550757
1403638580.927830 5.902364 -11.318097 0.478606 0.152414 0.789317 -0.228094 0.549292
1403638581.027829 5.936936 -11.367094 0.477871 0.148177 0.790470 -0.226139 0.549602
1403638581.127830 5.970348 -11.414561 0.484639 0.149247 0.790908 -0.224368 0.549408
1403638581.227829 6.003652 -11.459683 0.500509 0.152042 0.791062 -0.223908 0.548606
1403638581.327830 6.031841 -11.500875 0.513191 0.155944 0.790673 -0.224542 0.547813
1403638581.427830 6.059920 -11.538200 0.532607 0.159395 0.788845 -0.225628 0.549006
1403638581.527829 6.087088 -11.574197 0.551521 0.161979 0.787574 -0.227951 0.549115
1403638581.627830 6.113634 -11.600029 0.581476 0.166130 0.785172 -0.229231 0.550780
1403638581.727829 6.142755 -11.631763 0.598736 0.170692 0.780521 -0.229121 0.556017
1403638581.827830 6.166103 -11.646006 0.619270 0.172661 0.778789 -0.230699 0.557184
1403638581.927830 6.193521 -11.663472 0.633232 0.175983 0.772050 -0.230420 0.565576
1403638582.027829 6.220201 -11.685954 0.637073 0.178167 0.768588 -0.229670 0.569895
1403638582.127830 6.247771 -11.704218 0.647876 0.176254 0.774956 -0.232050 0.560830
1403638582.227829 6.271829 -11.720437 0.665437 0.173452 0.781039 -0.234372 0.552234
1403638582.327830 6.296149 -11.735170 0.695400 0.175530 0.779545 -0.232588 0.554438
1403638582.427830 6.330269 -11.755467 0.735340 0.177121 0.777105 -0.231162 0.557943
1403638582.527829 6.351974 -11.759912 0.784698 0.178149 0.775968 -0.230163 0.559609
1403638582.627830 6.373590 -11.760902 0.844617 0.178782 0.775828 -0.229659 0.559808
1403638582.727829 6.393360 -11.756773 0.911951 0.177941 0.778403 -0.230580 0.556110
1403638582.827830 6.413229 -11.749611 0.985511 0.177454 0.779732 -0.231537 0.554003
1403638582.927830 6.432912 -11.739151 1.056325 0.177167 0.781011 -0.232672 0.551812
1403638583.027829 6.452308 -11.726008 1.119389 0.176265 0.783757 -0.234246 0.547526
1403638583.127830 6.471767 -11.710883 1.174931 0.175754 0.785820 -0.235404 0.544227
1403638583.227829 6.492779 -11.693990 1.223548 0.174834 0.786847 -0.236850 0.542409
1403638583.327830 6.515746 -11.675964 1.267373 0.175285 0.786737 -0.236702 0.542487
1403638583.427830 6.541274 -11.657680 1.305431 0.174961 0.787060 -0.236930 0.542024
1403638583.527829 6.569295 -11.638376 1.345834 0.174654 0.787639 -0.236990 0.541254
1403638583.627830 6.598575 -11.617392 1.394757 0.175445 0.787538 -0.236409 0.541399
1403638583.727829 6.628416 -11.593857 1.448265 0.176672 0.787429 -0.235629 0.541499
1403638583.827830 6.657731 -11.565540 1.488971 0.177243 0.787227 -0.235014 0.541874
1403638583.927830 6.687955 -11.530990 1.516756 0.177023 0.786353 -0.234951 0.543241
1403638584.027829 6.719983 -11.493908 1.541759 0.178165 0.785618 -0.234187 0.544259
1403638584.127830 6.748305 -11.453549 1.556335 0.182566 0.778579 -0.230854 0.554248
1403638584.227829 6.788846 -11.415902 1.587319 0.186830 0.768921 -0.227240 0.567642
1403638584.327830 6.814739 -11.364969 1.584239 0.188314 0.762992 -0.225974 0.575601
1403638584.427830 6.831073 -11.307578 1.575370 0.188205 0.761988 -0.225937 0.576979
1403638584.527829 6.842457 -11.244896 1.557851 0.187639 0.761470 -0.226266 0.577719
1403638584.627830 6.854374 -11.180341 1.567903 0.187286 0.762683 -0.226049 0.576317
1403638584.727829 6.863063 -11.109712 1.586858 0.185130 0.766358 -0.227185 0.571672
1403638584.827830 6.852223 -11.032857 1.572889 0.180481 0.774413 -0.230311 0.560953
1403638584.927830 6.855785 -10.952997 1.596788 0.175418 0.780521 -0.234411 0.552328
1403638585.027829 6.841069 -10.873771 1.577715 0.173577 0.783228 -0.235702 0.548515
1403638585.127830 6.828671 -10.796330 1.564126 0.172144 0.783385 -0.236855 0.548246
1403638585.227829 6.829962 -10.715072 1.568236 0.172114 0.782292 -0.237087 0.549715
1403638585.327830 6.820941 -10.639985 1.555247 0.173070 0.779921 -0.235989 0.553244
1403638585.427830 6.818791 -10.559603 1.548059 0.172830 0.779363 -0.235786 0.554191
1403638585.527829 6.808858 -10.485082 1.535823 0.172867 0.780355 -0.235507 0.552901
1403638585.627830 6.811206 -10.403102 1.540418 0.172070 0.782429 -0.235653 0.550150
1403638585.727829 6.801000 -10.325668 1.546885 0.170546 0.786396 -0.236280 0.544672
1403638585.827830 6.806061 -10.243686 1.567574 0.167785 0.791115 -0.238405 0.537724
1403638585.927830 6.807453 -10.164693 1.594578 0.164689 0.793433 -0.240971 0.534111
1403638586.027829 6.812730 -10.085334 1.628877 0.164900 0.790634 -0.241424 0.537979
1403638586.127830 6.827315 -10.006793 1.659254 0.167307 0.786876 -0.241239 0.542806
1403638586.227829 6.832763 -9.925189 1.683640 0.169199 0.784407 -0.240257 0.546218
1403638586.327830 6.846526 -9.849565 1.702361 0.172568 0.781196 -0.238509 0.550514
1403638586.427830 6.848392 -9.766519 1.717475 0.180327 0.778445 -0.233641 0.554001
1403638586.527829 6.860097 -9.688404 1.727036 0.186971 0.777405 -0.229512 0.554984
1403638586.627830 6.871360 -9.607275 1.730629 0.184460 0.777995 -0.231381 0.554221
1403638586.727829 6.882488 -9.523765 1.728523 0.180970 0.778009 -0.233966 0.554267
1403638586.827830 6.893336 -9.438161 1.720394 0.177869 0.777200 -0.235962 0.555558
1403638586.927830 6.903100 -9.350480 1.706912 0.177836 0.776588 -0.235528 0.556608
1403638587.027829 6.911712 -9.261021 1.689035 0.177032 0.776413 -0.235837 0.556977
1403638587.127830 6.919167 -9.170064 1.672041 0.176272 0.776591 -0.236441 0.556715
1403638587.227829 6.925389 -9.077594 1.663393 0.176048 0.778857 -0.235908 0.553838
1403638587.327830 6.931935 -8.984016 1.663382 0.175721 0.780437 -0.236436 0.551487
1403638587.427830 6.928479 -8.887074 1.664298 0.174244 0.781020 -0.237349 0.550737
1403638587.527829 6.901669 -8.785235 1.652414 0.172788 0.780635 -0.238161 0.551392
1403638587.627830 6.895552 -8.690300 1.642919 0.171781 0.780567 -0.239302 0.551309
1403638587.727829 6.897450 -8.594085 1.635483 0.172077 0.780416 -0.239290 0.551435
1403638587.827830 6.899448 -8.498051 1.623152 0.171364 0.779936 -0.240511 0.551805
1403638587.927830 6.901292 -8.402318 1.606037 0.171034 0.779533 -0.241059 0.552238
1403638588.027829 6.902470 -8.307199 1.585427 0.170877 0.778865 -0.241111 0.553204
1403638588.127830 6.902886 -8.212442 1.562218 0.174174 0.779163 -0.238915 0.552711
1403638588.227829 6.902729 -8.116988 1.536971 0.180550 0.780035 -0.234266 0.551422
1403638588.327830 6.908722 -8.035729 1.504328 0.181218 0.780732 -0.233241 0.550651
1403638588.427830 6.915175 -7.950364 1.481452 0.180992 0.780695 -0.233078 0.550846
1403638588.527829 6.922065 -7.859706 1.470028 0.178751 0.780507 -0.234492 0.551245
1403638588.627830 6.921828 -7.754401 1.471664 0.176483 0.779831 -0.235719 0.552407
1403638588.727829 6.924338 -7.656146 1.477055 0.173758 0.778200 -0.237660 0.554734
1403638588.827830 6.923017 -7.551386 1.486384 0.172950 0.777546 -0.238446 0.555566
1403638588.927830 6.922566 -7.454295 1.489259 0.171566 0.777380 -0.239920 0.555593
1403638589.027829 6.918645 -7.348906 1.484065 0.171487 0.777344 -0.240650 0.555352
1403638589.127830 6.918024 -7.253918 1.473667 0.172879 0.777594 -0.240174 0.554777
1403638589.227829 6.913448 -7.146845 1.456220 0.173053 0.777227 -0.240158 0.555244
1403638589.327830 6.910202 -7.049329 1.438215 0.173167 0.776589 -0.240261 0.556055
1403638589.427830 6.903770 -6.942150 1.420788 0.172583 0.776634 -0.240527 0.556058
1403638589.527829 6.898446 -6.841476 1.411703 0.172362 0.777044 -0.240588 0.555528
1403638589.627830 6.889795 -6.735200 1.407221 0.172777 0.776864 -0.240378 0.555742
1403638589.727829 6.883095 -6.636794 1.415645 0.172095 0.778655 -0.241151 0.553106
1403638589.827830 6.871360 -6.533782 1.423462 0.171722 0.779478 -0.242083 0.551654
1403638589.927830 6.864390 -6.437928 1.432739 0.172915 0.779999 -0.242102 0.550535
1403638590.027829 6.853311 -6.334487 1.429251 0.171953 0.779556 -0.243546 0.550827
1403638590.127830 6.843512 -6.244255 1.428195 0.172516 0.779064 -0.243792 0.551238
1403638590.227829 6.832938 -6.141251 1.416052 0.172944 0.778207 -0.244112 0.552172
1403638590.327830 6.823823 -6.054041 1.405215 0.172826 0.777954 -0.244274 0.552493
1403638590.427830 6.811145 -5.952975 1.386018 0.173263 0.778957 -0.244524 0.550831
1403638590.527829 6.799343 -5.863675 1.367627 0.171980 0.779043 -0.245276 0.550776
1403638590.627830 6.786603 -5.766669 1.352948 0.171104 0.781091 -0.245767 0.547923
1403638590.727829 6.776206 -5.679991 1.347399 0.168807 0.782151 -0.247132 0.546506
1403638590.827830 6.763688 -5.586210 1.349174 0.168940 0.783198 -0.246895 0.545071
1403638590.927830 6.753405 -5.498078 1.357771 0.167946 0.783746 -0.247581 0.544280
1403638591.027829 6.740615 -5.405281 1.371895 0.166772 0.784494 -0.248780 0.543015
1403638591.127830 6.727156 -5.309170 1.383017 0.166105 0.787091 -0.249512 0.539111
1403638591.227829 6.717843 -5.220307 1.389563 0.164513 0.792044 -0.251197 0.531509
1403638591.327830 6.711574 -5.135135 1.389255 0.161184 0.797690 -0.253824 0.522766
1403638591.427830 6.710679 -5.056789 1.384418 0.158698 0.800879 -0.255990 0.517568
1403638591.527829 6.714467 -4.984828 1.373765 0.155743 0.803438 -0.258309 0.513331
1403638591.627830 6.725528 -4.919853 1.358043 0.153680 0.805484 -0.259764 0.510001
1403638591.727829 6.743574 -4.865499 1.341010 0.153419 0.804356 -0.260444 0.511510
1403638591.827830 6.768823 -4.819634 1.325109 0.154814 0.801938 -0.259273 0.515467
1403638591.927830 6.799002 -4.783046 1.313802 0.155960 0.799285 -0.257858 0.519931
1403638592.027829 6.835254 -4.752399 1.311878 0.156438 0.796621 -0.257272 0.524149
1403638592.127830 6.877027 -4.722065 1.317226 0.156568 0.795007 -0.255963 0.527194
1403638592.227829 6.923436 -4.697200 1.333613 0.152627 0.790305 -0.252648 0.536928
1403638592.327830 6.970569 -4.680848 1.360621 0.145566 0.785541 -0.245931 0.548866
1403638592.427830 7.017137 -4.667337 1.395174 0.134458 0.785083 -0.234206 0.557416
1403638592.527829 7.061086 -4.683418 1.443482 0.123650 0.790381 -0.219397 0.558457
1403638592.627830 7.101306 -4.678551 1.490781 0.116926 0.797741 -0.206167 0.554466
1403638592.727829 7.140404 -4.677723 1.541019 0.111241 0.804925 -0.196683 0.548669
1403638592.827830 7.180314 -4.681413 1.586789 0.106052 0.811282 -0.191148 0.542252
1403638592.927830 7.221402 -4.688519 1.627128 0.104178 0.814766 -0.186790 0.538899
1403638593.027829 7.264673 -4.700227 1.662763 0.103206 0.816171 -0.184179 0.537858
1403638593.127830 7.313128 -4.716125 1.694043 0.102773 0.816230 -0.183110 0.538216
1403638593.227829 7.366315 -4.736336 1.730614 0.105718 0.812801 -0.181163 0.543469
1403638593.327830 7.422394 -4.758753 1.775104 0.113909 0.810154 -0.176458 0.547300
1403638593.427830 7.480169 -4.781157 1.821388 0.124129 0.805514 -0.170961 0.553635
1403638593.527829 7.538127 -4.802320 1.861573 0.129553 0.801758 -0.169123 0.558388
1403638593.627830 7.595706 -4.820100 1.895263 0.132679 0.799798 -0.168953 0.560513
1403638593.727829 7.652903 -4.833847 1.923189 0.134633 0.797857 -0.168698 0.562885
1403638593.827830 7.711027 -4.844910 1.946152 0.133573 0.791534 -0.169727 0.571686
1403638593.927830 7.764733 -4.850409 1.975195 0.127824 0.782284 -0.167566 0.586186
1403638594.027829 7.812703 -4.852342 2.005721 0.119932 0.784705 -0.164747 0.585417
1403638594.127830 7.853984 -4.852082 2.041450 0.114392 0.790631 -0.161739 0.579359
1403638594.227829 7.890397 -4.850462 2.078806 0.114223 0.795448 -0.156718 0.574156
1403638594.327830 7.923911 -4.846273 2.110677 0.114504 0.795671 -0.152443 0.574941
1403638594.427830 7.953036 -4.839382 2.147368 0.118900 0.794225 -0.146098 0.577689
1403638594.527829 7.978949 -4.827261 2.183523 0.117451 0.793892 -0.144901 0.578744
1403638594.627830 7.997941 -4.810934 2.231356 0.111702 0.794420 -0.147362 0.578536
1403638594.727829 8.016132 -4.793283 2.275533 0.107966 0.794969 -0.150335 0.577726
1403638594.827830 8.027998 -4.774025 2.317970 0.106477 0.795289 -0.152064 0.577108
1403638594.927830 8.038137 -4.753121 2.349353 0.106406 0.796128 -0.153099 0.575690
1403638595.027829 8.047487 -4.731722 2.374903 0.105756 0.797657 -0.154739 0.573250
1403638595.127830 8.047604 -4.705975 2.397367 0.105750 0.798505 -0.155942 0.571742
1403638595.227829 8.053746 -4.684430 2.409754 0.106560 0.798976 -0.156293 0.570838
1403638595.327830 8.058306 -4.662013 2.418128 0.106994 0.799065 -0.156547 0.570561
1403638595.427830 8.060568 -4.638887 2.420963 0.106648 0.798900 -0.157423 0.570617
1403638595.527829 8.061393 -4.615286 2.419262 0.106710 0.799477 -0.157444 0.569791
1403638595.627830 8.061240 -4.591234 2.418908 0.107335 0.800078 -0.156752 0.569020
1403638595.727829 8.053478 -4.562246 2.431558 0.111670 0.800518 -0.153786 0.568375
1403638595.827830 8.049573 -4.537413 2.437120 0.114447 0.801331 -0.152195 0.567104
1403638595.927830 8.046640 -4.510184 2.435517 0.115707 0.801073 -0.151664 0.567354
1403638596.027829 8.043255 -4.481609 2.420579 0.119735 0.800826 -0.149018 0.567570
1403638596.127830 8.039424 -4.449607 2.399188 0.130034 0.801905 -0.142159 0.565536
1403638596.227829 8.035772 -4.411091 2.381425 0.141939 0.803829 -0.133502 0.562041
1403638596.327830 8.031577 -4.362506 2.375104 0.152912 0.804877 -0.125392 0.559524
1403638596.427830 8.032446 -4.306681 2.373307 0.159609 0.804771 -0.119875 0.559016
1403638596.527829 8.035766 -4.238983 2.383985 0.166193 0.804534 -0.114287 0.558609
1403638596.627830 8.043334 -4.157935 2.400112 0.173437 0.804970 -0.108457 0.556938
1403638596.727829 8.055616 -4.060989 2.423784 0.179711 0.805546 -0.103582 0.555041
1403638596.827830 8.074828 -3.949726 2.457992 0.183786 0.805190 -0.100203 0.554843
1403638596.927830 8.095841 -3.818705 2.493278 0.186127 0.804155 -0.098270 0.555909
1403638597.027829 8.120387 -3.673929 2.530078 0.187769 0.803164 -0.098319 0.556779
1403638597.127830 8.148138 -3.513952 2.560689 0.190391 0.801568 -0.097373 0.558354
1403638597.227829 8.178156 -3.336781 2.584469 0.190787 0.799427 -0.098676 0.561052
1403638597.327830 8.211208 -3.143667 2.601334 0.187094 0.797382 -0.102365 0.564535
1403638597.427830 8.247766 -2.936671 2.612493 0.180940 0.795380 -0.108094 0.568285
1403638597.527829 8.284507 -2.715473 2.621424 0.168918 0.791005 -0.117180 0.576236
1403638597.627830 8.319829 -2.484735 2.624229 0.159669 0.787723 -0.124594 0.581785
1403638597.727829 8.352911 -2.246433 2.622223 0.159252 0.786926 -0.125227 0.582841
1403638597.827830 8.382571 -2.001000 2.615651 0.164466 0.789453 -0.115430 0.579992
1403638597.927830 8.408191 -1.746508 2.603674 0.168533 0.792003 -0.104087 0.577489
1403638598.027829 8.432800 -1.481806 2.592091 0.166184 0.792918 -0.097573 0.578051
1403638598.127830 8.457691 -1.204515 2.587854 0.150647 0.793447 -0.101540 0.580893
1403638598.227829 8.479159 -0.918146 2.589248 0.129801 0.794526 -0.111180 0.582683
1403638598.327830 8.498469 -0.628657 2.592525 0.115417 0.797120 -0.118481 0.580725
1403638598.427830 8.516170 -0.340453 2.590244 0.108293 0.799143 -0.122004 0.578582
1403638598.527829 8.531366 -0.053699 2.582076 0.104458 0.800781 -0.121838 0.577057
1403638598.627830 8.544468 0.230780 2.565049 0.099717 0.803967 -0.116766 0.574509
1403638598.727829 8.557909 0.512758 2.546737 0.093547 0.805713 -0.106473 0.575099
1403638598.827830 8.569468 0.792466 2.532137 0.084630 0.806757 -0.093768 0.577224
1403638598.927830 8.579154 1.068628 2.522491 0.075291 0.809169 -0.078150 0.577468
1403638599.027829 8.586008 1.342261 2.515909 0.062593 0.810848 -0.062428 0.578542
1403638599.127830 8.591450 1.614008 2.516405 0.051709 0.811902 -0.044204 0.579817
1403638599.227829 8.593290 1.883157 2.521193 0.040148 0.813311 -0.025620 0.579877
1403638599.327830 8.594051 2.150130 2.532286 0.026893 0.815218 -0.007481 0.578482
1403638599.427830 8.591174 2.415137 2.550238 0.017557 0.817948 0.009021 0.574953
1403638599.527829 8.587366 2.679693 2.570125 0.010626 0.820035 0.020184 0.571859
1403638599.627830 8.581828 2.944115 2.583699 0.004767 0.821630 0.025526 0.569430
1403638599.727829 8.573706 3.206804 2.588567 0.002611 0.822766 0.028771 0.567645
1403638599.827830 8.568249 3.468656 2.585059 0.001553 0.823374 0.027933 0.566809
1403638599.927830 8.565799 3.727677 2.577608 -0.001226 0.824610 0.024164 0.565184
1403638600.027829 8.567220 3.985943 2.565115 -0.006164 0.824029 0.017569 0.566241
1403638600.127830 8.572571 4.239850 2.549284 -0.014378 0.826179 0.008108 0.563166
1403638600.227829 8.580649 4.487779 2.529889 -0.026188 0.829054 -0.003571 0.558544
1403638600.327830 8.590814 4.727470 2.506301 -0.034922 0.830807 -0.013193 0.555307
1403638600.427830 8.605271 4.955928 2.485863 -0.042686 0.832082 -0.021557 0.552587
1403638600.527829 8.624841 5.169036 2.474686 -0.043839 0.832816 -0.024407 0.551272
1403638600.627830 8.651818 5.368872 2.473696 -0.043326 0.834191 -0.025805 0.549164
1403638600.727829 8.681766 5.554870 2.479203 -0.043779 0.836363 -0.027025 0.545756
1403638600.827830 8.719024 5.725838 2.490303 -0.040170 0.840323 -0.023885 0.540067
1403638600.927830 8.763818 5.881491 2.504231 -0.024539 0.843447 -0.011436 0.536530
1403638601.027829 8.816489 6.028534 2.512820 -0.011020 0.844262 -0.000272 0.535817
1403638601.127830 8.880347 6.167086 2.516559 -0.004451 0.843102 0.005464 0.537708
1403638601.227829 8.950422 6.301407 2.515112 0.004189 0.840107 0.012784 0.542253
1403638601.327830 9.025851 6.439503 2.510861 0.010421 0.832683 0.019253 0.553318
1403638601.427830 9.108452 6.576805 2.506922 -0.000151 0.828320 0.021726 0.559834
1403638601.527829 9.190754 6.717805 2.509700 -0.011999 0.824035 0.031280 0.565548
1403638601.627830 9.272666 6.859151 2.519093 -0.023161 0.820555 0.048240 0.569056
1403638601.727829 9.354501 6.999463 2.534501 -0.035354 0.817797 0.071270 0.569981
1403638601.827830 9.433286 7.139990 2.558124 -0.048944 0.813207 0.098961 0.571407
1403638601.927830 9.508622 7.280322 2.588455 -0.063156 0.808406 0.126597 0.571371
1403638602.027829 9.580908 7.422496 2.616120 -0.076220 0.805842 0.146772 0.568566
1403638602.127830 9.649760 7.566248 2.636978 -0.084459 0.802618 0.162121 0.567792
1403638602.227829 9.714808 7.710936 2.651883 -0.090082 0.796140 0.178873 0.571009
1403638602.327830 9.774278 7.859617 2.663535 -0.103516 0.787376 0.194916 0.575614
1403638602.427830 9.827105 8.011212 2.680797 -0.135748 0.771506 0.202511 0.587657
1403638602.527829 9.870573 8.160067 2.707752 -0.171519 0.747845 0.207508 0.606835
1403638602.627830 9.900882 8.297689 2.741530 -0.200854 0.730774 0.215414 0.615811
1403638602.727829 9.915889 8.418951 2.779222 -0.215934 0.724397 0.232233 0.612118
1403638602.827830 9.913415 8.521516 2.822445 -0.224085 0.720412 0.253399 0.605459
1403638602.927830 9.895999 8.608633 2.868896 -0.238079 0.718612 0.271475 0.594320
1403638603.027829 9.870261 8.685098 2.915027 -0.259772 0.717142 0.285065 0.580486
1403638603.127830 9.838452 8.748491 2.957222 -0.276548 0.709251 0.298971 0.575414
1403638603.227829 9.800541 8.795758 2.989527 -0.280972 0.708510 0.314913 0.565595
1403638603.327830 9.756584 8.829396 3.010391 -0.274662 0.720292 0.331738 0.543774
1403638603.427830 9.710519 8.854695 3.024244 -0.268748 0.731108 0.342982 0.524995
1403638603.527829 9.664672 8.873728 3.034177 -0.266792 0.734627 0.348324 0.517508
1403638603.627830 9.620237 8.893757 3.042388 -0.271098 0.728651 0.350423 0.522280
1403638603.727829 9.573853 8.906753 3.043912 -0.268174 0.720264 0.355233 0.532083
1403638603.827830 9.525321 8.914202 3.037294 -0.262025 0.712262 0.360563 0.542236
1403638603.927830 9.469881 8.918205 3.023821 -0.255180 0.705040 0.364934 0.551928
1403638604.027829 9.407176 8.917841 3.003859 -0.249849 0.699932 0.367474 0.559137
1403638604.127830 9.333401 8.917775 2.984178 -0.246148 0.696945 0.368966 0.563510
1403638604.227829 9.250898 8.911608 2.971236 -0.249314 0.698330 0.367499 0.561357
1403638604.327830 9.155344 8.901614 2.965909 -0.255999 0.704832 0.363614 0.552685
1403638604.427830 9.053028 8.886324 2.966568 -0.258202 0.712978 0.362415 0.541894
1403638604.527829 8.946220 8.866599 2.974999 -0.255282 0.720185 0.364617 0.532183
1403638604.627830 8.837696 8.845340 2.982589 -0.254322 0.723268 0.365579 0.527784
1403638604.727829 8.727368 8.823088 2.984875 -0.258470 0.725922 0.362957 0.523921
1403638604.827830 8.616633 8.797638 2.984297 -0.261862 0.728220 0.360702 0.520594
1403638604.927830 8.507042 8.769436 2.985459 -0.260404 0.732292 0.361845 0.514788
1403638605.027829 8.400109 8.740712 2.991402 -0.257563 0.739432 0.364043 0.504356
1403638605.127830 8.295177 8.711479 3.006062 -0.254770 0.744767 0.366120 0.496357
1403638605.227829 8.195247 8.684939 3.026374 -0.251817 0.746551 0.368280 0.493578
1403638605.327830 8.099701 8.665876 3.044419 -0.247086 0.745490 0.371555 0.495116
1403638605.427830 8.007906 8.653041 3.058400 -0.240348 0.737801 0.376534 0.506067
1403638605.527829 7.913586 8.644023 3.065793 -0.234325 0.727568 0.380848 0.520280
1403638605.627830 7.816274 8.638392 3.067019 -0.228152 0.720111 0.385143 0.530144
1403638605.727829 7.714591 8.637209 3.066605 -0.225327 0.716826 0.387175 0.534307
1403638605.827830 7.607173 8.641564 3.073678 -0.223796 0.717407 0.388003 0.533569
1403638605.927830 7.495744 8.651204 3.090977 -0.220968 0.716808 0.389527 0.534442
1403638606.027829 7.376197 8.669621 3.108952 -0.216851 0.716148 0.391170 0.535811
1403638606.127830 7.251333 8.691136 3.124125 -0.213952 0.716210 0.392054 0.536248
1403638606.227829 7.117880 8.718448 3.129228 -0.210852 0.716377 0.393524 0.536176
1403638606.327830 6.977740 8.750272 3.130044 -0.212067 0.720344 0.391588 0.531782
1403638606.427830 6.829824 8.787590 3.120442 -0.218980 0.730604 0.385965 0.518938
1403638606.527829 6.677741 8.829195 3.106519 -0.227514 0.741175 0.379241 0.505048
1403638606.627830 6.527588 8.877067 3.088229 -0.232986 0.747202 0.377960 0.494523
1403638606.727829 6.381035 8.932191 3.065621 -0.236978 0.748561 0.384464 0.485475
1403638606.827830 6.239440 8.994031 3.039267 -0.243518 0.745915 0.395564 0.477324
1403638606.927830 6.104691 9.064076 3.015005 -0.253192 0.739787 0.409829 0.469734
1403638607.027829 5.976567 9.142426 2.997443 -0.266470 0.731448 0.424699 0.462177
1403638607.127830 5.856673 9.226978 2.989571 -0.283284 0.723806 0.434231 0.455301
1403638607.227829 5.743834 9.317883 2.987151 -0.297836 0.711074 0.440333 0.460190
1403638607.327830 5.637156 9.411484 2.979436 -0.310824 0.699247 0.442310 0.467765
1403638607.427830 5.534431 9.506000 2.962891 -0.320111 0.692648 0.442875 0.470774
1403638607.527829 5.435678 9.599013 2.936996 -0.324414 0.691714 0.443427 0.468678
1403638607.627830 5.342391 9.689141 2.906077 -0.325579 0.690450 0.444651 0.468575
1403638607.727829 5.255640 9.778365 2.872210 -0.325240 0.688097 0.444978 0.471950
1403638607.827830 5.174219 9.865969 2.835041 -0.324476 0.688766 0.444637 0.471820
1403638607.927830 5.095464 9.949221 2.795359 -0.326808 0.693018 0.441266 0.467126
1403638608.027829 5.023310 10.033080 2.749405 -0.328977 0.694792 0.437647 0.466373
1403638608.127830 4.956335 10.114689 2.699711 -0.327421 0.692202 0.436619 0.472246
1403638608.227829 4.893324 10.191935 2.646389 -0.323946 0.688227 0.437146 0.479902
1403638608.327830 4.835404 10.265515 2.586895 -0.323987 0.683279 0.435602 0.488276
1403638608.427830 4.777183 10.334650 2.524179 -0.324572 0.679739 0.434784 0.493529
1403638608.527829 4.720421 10.400460 2.453800 -0.322881 0.681621 0.435505 0.491403
1403638608.627830 4.661939 10.461933 2.383415 -0.325038 0.680887 0.433138 0.493087
1403638608.727829 4.607578 10.518460 2.316587 -0.328972 0.678141 0.430876 0.496234
1403638608.827830 4.550884 10.562461 2.254451 -0.327375 0.680811 0.432280 0.492399
1403638608.927830 4.494187 10.606746 2.198829 -0.325638 0.684747 0.433632 0.486872
1403638609.027829 4.438878 10.644185 2.149784 -0.325788 0.688462 0.433788 0.481363
1403638609.127830 4.386059 10.678861 2.107840 -0.324642 0.689989 0.434494 0.479309
1403638609.227829 4.336361 10.709647 2.070056 -0.331448 0.690063 0.429622 0.478937
1403638609.327830 4.289125 10.734594 2.028256 -0.335273 0.690510 0.426611 0.478322
1403638609.427830 4.247872 10.757715 1.978538 -0.332171 0.690460 0.428583 0.478794
1403638609.527829 4.207683 10.774814 1.922774 -0.328431 0.690532 0.430736 0.479338
1403638609.627830 4.171897 10.793924 1.860034 -0.326455 0.690574 0.431683 0.479776
1403638609.727829 4.136412 10.804448 1.794035 -0.323459 0.689375 0.433854 0.481567
1403638609.827830 4.103856 10.822498 1.730381 -0.323827 0.690443 0.433561 0.480052
1403638609.927830 4.074867 10.830185 1.677545 -0.324032 0.690048 0.433333 0.480687
1403638610.027829 4.050364 10.838526 1.631702 -0.326363 0.688917 0.431706 0.482194
1403638610.127830 4.025896 10.839854 1.594461 -0.329482 0.686084 0.429394 0.486159
1403638610.227829 4.004035 10.837061 1.556649 -0.330834 0.683320 0.428381 0.490013
1403638610.327830 3.982909 10.829849 1.512175 -0.332058 0.682445 0.427135 0.491490
1403638610.427830 3.962808 10.817453 1.461755 -0.333320 0.682105 0.425928 0.492155
1403638610.527829 3.944394 10.800311 1.408263 -0.332970 0.679130 0.425795 0.496601
1403638610.627830 3.924429 10.777140 1.350521 -0.338538 0.672024 0.421720 0.505893
1403638610.727829 3.903131 10.744553 1.293670 -0.338778 0.672724 0.421990 0.504576
1403638610.827830 3.880101 10.703293 1.241551 -0.335533 0.679996 0.425443 0.493984
1403638610.927830 3.860211 10.657531 1.199916 -0.333893 0.682917 0.428009 0.488823
1403638611.027829 3.841993 10.607701 1.159993 -0.336653 0.681868 0.426223 0.489954
1403638611.127830 3.823499 10.553013 1.114215 -0.339164 0.679179 0.425170 0.492863
1403638611.227829 3.806829 10.492550 1.066828 -0.338944 0.678626 0.426114 0.492962
1403638611.327830 3.792047 10.424706 1.023835 -0.336255 0.677950 0.428456 0.493702
1403638611.427830 3.776415 10.350466 0.986088 -0.325604 0.673279 0.435534 0.500986
1403638611.527829 3.754877 10.272043 0.950929 -0.314878 0.670346 0.442387 0.505749
1403638611.627830 3.728972 10.191573 0.922087 -0.309628 0.672219 0.444924 0.504276
1403638611.727829 3.699091 10.109437 0.895693 -0.311537 0.676390 0.443148 0.499061
1403638611.827830 3.668085 10.025433 0.867110 -0.317932 0.682252 0.438133 0.491418
1403638611.927830 3.637199 9.943010 0.835211 -0.321559 0.687075 0.434652 0.485392
1403638612.027829 3.606472 9.860663 0.800827 -0.323192 0.689795 0.432994 0.481919
1403638612.127830 3.578263 9.777329 0.771447 -0.324597 0.691695 0.431402 0.479674
1403638612.227829 3.552119 9.695300 0.750323 -0.323754 0.692248 0.431538 0.479323
1403638612.327830 3.530042 9.612028 0.735805 -0.323220 0.691889 0.431818 0.479950
1403638612.427830 3.509883 9.526536 0.723385 -0.322445 0.690850 0.431576 0.482180
1403638612.527829 3.491136 9.441135 0.705555 -0.320467 0.688834 0.431467 0.486462
1403638612.627830 3.471980 9.354526 0.680557 -0.315680 0.687146 0.433299 0.490336
1403638612.727829 3.450438 9.264190 0.647237 -0.311481 0.685332 0.434349 0.494612
1403638612.827830 3.429843 9.178689 0.613032 -0.310512 0.684418 0.432710 0.497911
1403638612.927830 3.402035 9.086652 0.578880 -0.311482 0.683983 0.430216 0.500060
1403638613.027829 3.375839 9.001307 0.553621 -0.311303 0.686487 0.429232 0.497581
1403638613.127830 3.345935 8.913159 0.536988 -0.311508 0.688010 0.428355 0.496102
1403638613.227829 3.311979 8.821494 0.524617 -0.311456 0.689741 0.428000 0.494033
1403638613.327830 3.280943 8.734404 0.521502 -0.310445 0.690332 0.428524 0.493389
1403638613.427830 3.245218 8.641764 0.520594 -0.309740 0.689622 0.428977 0.494430
1403638613.527829 3.211002 8.553780 0.514115 -0.310855 0.689567 0.425506 0.496801
1403638613.627830 3.176195 8.465719 0.502023 -0.312720 0.691217 0.419320 0.498594
1403638613.727829 3.137235 8.370868 0.482365 -0.316728 0.690282 0.412609 0.502939
1403638613.827830 3.101131 8.279551 0.456618 -0.316566 0.690860 0.405236 0.508215
1403638613.927830 3.062705 8.179461 0.423103 -0.311321 0.695118 0.396412 0.512590
1403638614.027829 3.026524 8.078714 0.386780 -0.300792 0.702329 0.385754 0.517158
1403638614.127830 2.988088 7.974405 0.346408 -0.287842 0.711950 0.372789 0.520867
1403638614.227829 2.948266 7.863978 0.309639 -0.274330 0.722044 0.359525 0.523581
1403638614.327830 2.907176 7.750875 0.277264 -0.264515 0.730056 0.348292 0.525112
1403638614.427830 2.864385 7.636294 0.251960 -0.259315 0.735960 0.338637 0.525779
1403638614.527829 2.820653 7.522184 0.237334 -0.256371 0.740496 0.330523 0.526017
1403638614.627830 2.776755 7.408557 0.230560 -0.252787 0.745110 0.320483 0.527447
1403638614.727829 2.737021 7.297576 0.235053 -0.250336 0.752792 0.306281 0.526144
1403638614.827830 2.699693 7.185504 0.250055 -0.245114 0.763651 0.289296 0.522556
1403638614.927830 2.667614 7.071142 0.272934 -0.234389 0.774177 0.271735 0.521413
1403638615.027829 2.642040 6.953010 0.298257 -0.219860 0.783397 0.251155 0.524282
1403638615.127830 2.625840 6.840926 0.335090 -0.199331 0.790052 0.229847 0.532218
1403638615.227829 2.609596 6.713412 0.368271 -0.175231 0.792219 0.208850 0.545953
1403638615.327830 2.605484 6.607420 0.414320 -0.153008 0.795525 0.184739 0.556416
1403638615.427830 2.597600 6.488700 0.447080 -0.132311 0.799187 0.158878 0.564403
1403638615.527829 2.589372 6.368410 0.472376 -0.112887 0.803306 0.133494 0.569329
1403638615.627830 2.578719 6.246935 0.491541 -0.097807 0.805907 0.112490 0.572969
1403638615.727829 2.567046 6.126884 0.511131 -0.087818 0.807856 0.097740 0.574546
1403638615.827830 2.552582 6.008126 0.538695 -0.081033 0.809162 0.086865 0.575452
1403638615.927830 2.538744 5.890189 0.569413 -0.075973 0.810262 0.074242 0.576361
1403638616.027829 2.524003 5.772186 0.594530 -0.067910 0.811965 0.062387 0.576375
1403638616.127830 2.507243 5.653281 0.611356 -0.058181 0.812997 0.049774 0.577212
1403638616.227829 2.488995 5.534212 0.611895 -0.048443 0.814553 0.033356 0.577100
1403638616.327830 2.470241 5.414962 0.595593 -0.035992 0.815652 0.014326 0.577244
1403638616.427830 2.449935 5.293308 0.568188 -0.023088 0.816436 -0.004632 0.576956
1403638616.527829 2.429807 5.171552 0.536074 -0.013640 0.817349 -0.020217 0.575627
1403638616.627830 2.409826 5.050773 0.500828 -0.005744 0.820358 -0.031154 0.570972
1403638616.727829 2.389844 4.929075 0.462204 -0.003980 0.827598 -0.040744 0.559826
1403638616.827830 2.373960 4.807932 0.420397 -0.008634 0.835232 -0.049900 0.547561
1403638616.927830 2.365099 4.684555 0.382587 -0.008916 0.837342 -0.052732 0.544057
1403638617.027829 2.363889 4.557084 0.355145 -0.001875 0.834077 -0.047936 0.549558
1403638617.127830 2.368518 4.426842 0.337678 0.005120 0.830173 -0.041135 0.555963
1403638617.227829 2.377833 4.296897 0.327886 0.008621 0.829965 -0.035435 0.556622
1403638617.327830 2.391285 4.168407 0.323827 0.007958 0.833132 -0.032460 0.552064
1403638617.427830 2.409542 4.041740 0.326351 0.008730 0.837270 -0.028760 0.545964
1403638617.527829 2.433255 3.917606 0.336814 0.008614 0.839024 -0.025465 0.543430
1403638617.627830 2.462061 3.783610 0.339899 0.007901 0.838637 -0.022418 0.544172
1403638617.727829 2.499895 3.664807 0.365465 0.009647 0.836890 -0.018254 0.546981
1403638617.827830 2.542564 3.549891 0.397350 0.009934 0.836759 -0.015604 0.547259
1403638617.927830 2.589995 3.441292 0.437178 0.008503 0.835578 -0.014594 0.549112
1403638618.027829 2.640494 3.333488 0.475832 0.007461 0.835088 -0.013418 0.549902
1403638618.127830 2.695755 3.229804 0.508190 0.005512 0.835195 -0.012989 0.549773
1403638618.227829 2.755944 3.127197 0.533635 0.004971 0.834946 -0.011869 0.550181
1403638618.327830 2.818654 3.030591 0.554266 0.005424 0.834267 -0.010415 0.551236
1403638618.427830 2.884965 2.933880 0.571087 0.005253 0.834158 -0.009382 0.551421
1403638618.527829 2.955172 2.845114 0.586873 0.004768 0.833628 -0.008294 0.552243
1403638618.627830 3.029187 2.754120 0.599528 0.007438 0.833290 -0.010176 0.552692
1403638618.727829 3.106830 2.668995 0.613544 0.011653 0.833084 -0.012425 0.552884
1403638618.827830 3.188274 2.586690 0.632912 0.012980 0.831950 -0.016367 0.554457
1403638618.927830 3.272100 2.508539 0.657513 0.017821 0.829343 -0.021729 0.558033
1403638619.027829 3.358319 2.431277 0.678612 0.026494 0.824985 -0.033048 0.563565
1403638619.127830 3.444748 2.354227 0.689887 0.040416 0.821481 -0.048944 0.566692
1403638619.227829 3.531912 2.281835 0.695346 0.054165 0.817997 -0.070669 0.568290
1403638619.327830 3.619045 2.214482 0.695543 0.069731 0.814504 -0.095556 0.567971
1403638619.427830 3.703839 2.148352 0.686199 0.083032 0.810031 -0.118992 0.568152
1403638619.527829 3.789202 2.084913 0.675249 0.091302 0.806132 -0.137382 0.568280
1403638619.627830 3.874153 2.024445 0.662682 0.094099 0.803208 -0.152920 0.567994
1403638619.727829 3.957566 1.963666 0.646817 0.088569 0.800596 -0.167788 0.568374
1403638619.827830 4.038304 1.901408 0.629604 0.086243 0.797802 -0.176784 0.569931
1403638619.927830 4.114779 1.836453 0.611503 0.086783 0.796268 -0.181834 0.570405
1403638620.027829 4.186599 1.769686 0.587749 0.089430 0.795039 -0.183833 0.571069
1403638620.127830 4.252783 1.698862 0.571763 0.092854 0.792229 -0.183967 0.574376
1403638620.227829 4.313890 1.626171 0.559707 0.095640 0.789984 -0.183463 0.577165
1403638620.327830 4.365088 1.551479 0.556472 0.099699 0.791596 -0.180985 0.575048
1403638620.427830 4.412903 1.474949 0.559407 0.101004 0.792706 -0.179264 0.573829
1403638620.527829 4.452443 1.398713 0.565163 0.101662 0.793920 -0.177097 0.572706
1403638620.627830 4.492877 1.320249 0.567792 0.099756 0.796100 -0.176331 0.570247
1403638620.727829 4.528927 1.241925 0.564507 0.095954 0.799285 -0.176969 0.566231
1403638620.827830 4.558373 1.163923 0.555690 0.094703 0.802275 -0.175491 0.562663
1403638620.927830 4.590250 1.082588 0.544144 0.099689 0.804129 -0.169482 0.560994
1403638621.027829 4.620366 1.002402 0.529098 0.104404 0.803301 -0.163652 0.563050
1403638621.127830 4.650679 0.921186 0.516047 0.104981 0.802157 -0.160686 0.565423
1403638621.227829 4.681204 0.841560 0.509718 0.104623 0.800601 -0.158343 0.568348
1403638621.327830 4.704323 0.768872 0.507953 0.106272 0.801031 -0.155347 0.568263
1403638621.427830 4.731084 0.694649 0.507328 0.106172 0.799824 -0.153287 0.570537
1403638621.527829 4.751944 0.626910 0.501809 0.107121 0.797789 -0.150795 0.573862
1403638621.627830 4.774912 0.559625 0.490587 0.106998 0.796105 -0.149422 0.576578
1403638621.727829 4.789363 0.502109 0.475785 0.107335 0.795253 -0.148302 0.577977
1403638621.827830 4.805944 0.441461 0.455862 0.108763 0.792937 -0.146757 0.581277
1403638621.927830 4.816823 0.386850 0.433842 0.110213 0.789489 -0.145232 0.586061
1403638622.027829 4.820025 0.343313 0.409846 0.109558 0.787975 -0.145302 0.588200
1403638622.127830 4.822926 0.296800 0.380428 0.107001 0.788607 -0.147522 0.587271
1403638622.227829 4.819327 0.256474 0.351458 0.104679 0.788925 -0.149303 0.586812
1403638622.327830 4.811420 0.217385 0.328323 0.102462 0.788901 -0.151341 0.586713
1403638622.427830 4.794923 0.187981 0.316381 0.105094 0.789782 -0.150768 0.585208
1403638622.527829 4.776110 0.153400 0.309401 0.108043 0.789813 -0.149632 0.584921
1403638622.627830 4.752710 0.123550 0.309841 0.113041 0.788256 -0.147152 0.586704
1403638622.727829 4.722925 0.104713 0.325478 0.116391 0.780295 -0.145567 0.596994
1403638622.827830 4.690234 0.082771 0.343473 0.118254 0.770636 -0.145173 0.609147
1403638622.927830 4.649952 0.072795 0.366710 0.117919 0.770744 -0.146374 0.608789
1403638623.027829 4.600496 0.067281 0.384160 0.115379 0.776947 -0.149330 0.600618
1403638623.127830 4.542262 0.064798 0.394261 0.111463 0.782668 -0.152915 0.592978
1403638623.227829 4.475830 0.070184 0.400910 0.107562 0.785734 -0.155814 0.588876
1403638623.327830 4.404849 0.073659 0.401010 0.105136 0.789186 -0.157628 0.584197
1403638623.427830 4.332088 0.075249 0.396690 0.105280 0.791940 -0.157725 0.580405
1403638623.527829 4.255168 0.079263 0.391791 0.103936 0.792469 -0.158536 0.579704
1403638623.627830 4.175612 0.083451 0.392365 0.106776 0.791858 -0.157291 0.580362
1403638623.727829 4.091996 0.087192 0.398302 0.108499 0.792552 -0.156937 0.579189
1403638623.827830 4.004759 0.093391 0.410612 0.110194 0.793411 -0.156664 0.577766
1403638623.927830 3.913379 0.101645 0.426899 0.111820 0.795140 -0.157333 0.574887
1403638624.027829 3.819059 0.110226 0.436875 0.112003 0.795807 -0.158460 0.573617
1403638624.127830 3.724364 0.121459 0.443462 0.109805 0.796274 -0.161355 0.572586
1403638624.227829 3.630048 0.132177 0.445096 0.107336 0.796241 -0.164269 0.572271
1403638624.327830 3.532749 0.144046 0.441720 0.106269 0.795511 -0.166277 0.572906
1403638624.427830 3.436255 0.155801 0.434649 0.106228 0.795265 -0.167627 0.572861
1403638624.527829 3.342112 0.165706 0.426764 0.105150 0.792169 -0.170012 0.576635
1403638624.627830 3.240685 0.175945 0.411600 0.102601 0.782460 -0.172488 0.589472
1403638624.727829 3.136755 0.185301 0.396894 0.106935 0.784909 -0.165719 0.587384
1403638624.827830 3.038379 0.193581 0.392111 0.110097 0.791955 -0.156134 0.579921
1403638624.927830 2.925213 0.207341 0.392475 0.107435 0.796395 -0.150713 0.575759
1403638625.027829 2.823972 0.217975 0.398978 0.100149 0.798009 -0.149004 0.575282
1403638625.127830 2.723762 0.228785 0.401590 0.091907 0.799116 -0.149564 0.574976
1403638625.227829 2.612818 0.242571 0.399317 0.087802 0.800247 -0.148708 0.574267
1403638625.327830 2.511598 0.249996 0.395831 0.086470 0.800632 -0.147215 0.574316
1403638625.427830 2.400948 0.260231 0.392222 0.085978 0.800461 -0.146006 0.574936
1403638625.527829 2.291946 0.268951 0.395842 0.085937 0.800274 -0.145531 0.575324
1403638625.627830 2.191164 0.271330 0.406842 0.086442 0.801814 -0.145292 0.573159
1403638625.727829 2.081828 0.277228 0.422438 0.085316 0.804735 -0.146038 0.569030
1403638625.827830 1.974867 0.282266 0.435768 0.084610 0.809074 -0.147053 0.562686
1403638625.927830 1.870492 0.282057 0.446661 0.085781 0.810094 -0.146773 0.561112
1403638626.027829 1.768391 0.281486 0.450127 0.085704 0.810836 -0.147780 0.559787
1403638626.127830 1.667511 0.280754 0.448907 0.084014 0.811250 -0.149699 0.558932
1403638626.227829 1.568210 0.278043 0.442823 0.085594 0.811104 -0.149078 0.559071
1403638626.327830 1.476214 0.273804 0.431239 0.091977 0.809181 -0.145201 0.561857
1403638626.427830 1.384468 0.269332 0.418904 0.097610 0.807026 -0.141097 0.565043
1403638626.527829 1.293175 0.265690 0.402510 0.099032 0.808320 -0.139696 0.563291
1403638626.627830 1.200480 0.265052 0.385126 0.097852 0.810381 -0.140457 0.560338
1403638626.727829 1.114266 0.263198 0.371891 0.096135 0.813209 -0.141178 0.556344
1403638626.827830 1.027671 0.262170 0.364036 0.094404 0.816401 -0.142094 0.551712
1403638626.927830 0.951175 0.260787 0.365069 0.094407 0.818650 -0.141607 0.548496
1403638627.027829 0.875636 0.260056 0.368341 0.093759 0.818696 -0.141414 0.548587
1403638627.127830 0.810634 0.257789 0.368470 0.093004 0.818488 -0.141241 0.549070
1403638627.227829 0.749334 0.254514 0.363829 0.092379 0.818384 -0.141032 0.549384
1403638627.327830 0.692735 0.252112 0.353751 0.095005 0.818422 -0.138809 0.549447
1403638627.427830 0.644724 0.248549 0.344370 0.096176 0.818309 -0.137771 0.549673
1403638627.527829 0.601324 0.244885 0.332211 0.095862 0.817987 -0.138053 0.550135
1403638627.627830 0.562423 0.242117 0.318575 0.099100 0.815941 -0.136554 0.552967
1403638627.727829 0.545733 0.243113 0.296964 0.100169 0.812907 -0.136468 0.557248
1403638627.827830 0.516665 0.242038 0.281222 0.101343 0.811576 -0.136165 0.559047
1403638627.927830 0.489135 0.242151 0.264719 0.102130 0.812748 -0.136124 0.557208
1403638628.027829 0.471713 0.243369 0.245931 0.103370 0.814367 -0.136076 0.554621
1403638628.127830 0.447401 0.247991 0.232497 0.103951 0.815307 -0.136622 0.552995
1403638628.227829 0.427910 0.254825 0.220138 0.104351 0.815414 -0.137360 0.552578
1403638628.327830 0.419234 0.262214 0.207597 0.104007 0.816141 -0.138479 0.551289
1403638628.427830 0.407485 0.271308 0.201292 0.101499 0.815720 -0.140563 0.551852
1403638628.527829 0.402254 0.281173 0.197923 0.093160 0.809917 -0.146921 0.560151
1403638628.627830 0.398083 0.290370 0.197343 0.086856 0.803144 -0.151646 0.569578
1403638628.727829 0.392008 0.297516 0.196269 0.084359 0.802658 -0.153404 0.570167
1403638628.827830 0.386345 0.300364 0.188675 0.087954 0.804144 -0.151354 0.568074
1403638628.927830 0.373563 0.302538 0.177355 0.092346 0.804218 -0.148951 0.567908
1403638629.027829 0.360739 0.304139 0.165805 0.097302 0.805216 -0.145506 0.566557
1403638629.127830 0.356115 0.310730 0.160074 0.100975 0.806515 -0.142777 0.564758
1403638629.227829 0.344008 0.315100 0.153589 0.102676 0.807516 -0.141279 0.563397
1403638629.327830 0.330808 0.321281 0.149081 0.104049 0.808282 -0.140598 0.562215
1403638629.427830 0.322706 0.328731 0.146863 0.103628 0.812368 -0.141526 0.556138
1403638629.527829 0.325173 0.335311 0.148779 0.100889 0.817042 -0.144052 0.549101
1403638629.627830 0.330060 0.342110 0.150700 0.093783 0.817378 -0.149454 0.548418
1403638629.727829 0.336750 0.347676 0.154076 0.083616 0.813366 -0.157163 0.553844
1403638629.827830 0.345299 0.350495 0.157620 0.079707 0.807361 -0.160442 0.562204
1403638629.927830 0.352373 0.349662 0.153719 0.084850 0.801192 -0.157792 0.570959
1403638630.027829 0.356729 0.346091 0.140362 0.095756 0.795303 -0.150669 0.579330
1403638630.127830 0.357554 0.343243 0.116076 0.102380 0.795681 -0.146063 0.578857
1403638630.227829 0.355544 0.342418 0.084333 0.105007 0.799771 -0.143986 0.573243
1403638630.327830 0.352854 0.342682 0.046401 0.107427 0.806449 -0.143513 0.563475
1403638630.427830 0.361852 0.346449 0.044252 0.092754 0.812673 -0.149927 0.555410
1403638630.527829 0.373233 0.347346 0.052313 0.101808 0.803095 -0.142649 0.569495
1403638630.627830 0.383184 0.349008 0.040265 0.102585 0.802302 -0.143001 0.570384
1403638630.727829 0.387854 0.347779 0.021741 0.093175 0.828501 -0.136117 0.535142
1403638630.827830 0.379741 0.344410 0.017036 0.097519 0.825961 -0.138079 0.537785
1403638630.927830 0.373435 0.345935 0.011737 0.096566 0.826795 -0.136309 0.537127
1403638631.027829 0.366587 0.347307 0.006867 0.096084 0.827019 -0.136597 0.536794
1403638631.127830 0.359596 0.348162 0.002371 0.095633 0.827061 -0.136942 0.536722
1403638631.227829 0.351993 0.349029 -0.001927 0.095802 0.827075 -0.136815 0.536703
1403638631.327830 0.344913 0.349764 -0.005798 0.095796 0.826972 -0.136878 0.536847
1403638631.427830 0.337389 0.350577 -0.009613 0.096003 0.826992 -0.136718 0.536820
1403638631.527829 0.329973 0.351436 -0.013033 0.096027 0.827089 -0.136827 0.536639
1403638631.627830 0.322520 0.352195 -0.016317 0.096256 0.827168 -0.136675 0.536515
